-0.6989700043360187 4.7532320674519628 -0.7147130114786691 -0.4500676229771316
-0.7447274948966939 2.5811111567673857 -0.6994915318355588 -0.5030283904614308
-0.7904849854573690 1.8580240854519794 -0.6882074538548648 -0.5600821473720131
-0.8362424760180440 1.3045727699188192 -0.6812433936049342 -0.6213315805115271
-0.8819999665787192 0.8305755192139711 -0.6788728477838307 -0.6868277215309352
-0.9277574571393943 0.4160442094311727 -0.6812665087233072 -0.7565723897752931
-0.9735149477000694 0.0927042640240973 -0.6885043235645013 -0.8305230437625984
-1.0192724382607445 0.0222433730937675 -0.7005901321678429 -0.9085989335633747
-1.0650299288214196 -0.0483491685005982 -0.7174666251130120 -0.9906877089392896
-1.1107874193820948 -0.1205018356139854 -0.7390292287549439 -1.0766519036906284
-1.1565449099427698 -0.1941442072401180 -0.7651382068775358 -1.1663349424361744
-1.2023024005034451 -0.2692007700472154 -0.7956287407221531 -1.2595664871529682
-1.2480598910641201 -0.3455926690960116 -0.8303190398800262 -1.3561670588356773
-1.2938173816247953 -0.4232393069979780 -0.8690166921502802 -1.4559519437981188
-1.3395748721854703 -0.5020597452896397 -0.9115235253549803 -1.5587344356679709
-1.3853323627461454 -0.5819738878560992 -0.9576392633055567 -1.6643284833689223
-1.4310898533068206 -0.6629034451761402 -0.9842834789070364 -1.7725508206321439
-1.4768473438674956 -0.7447726908768472 -1.0122543144200880 -1.8832226498720115
-1.5226048344281706 -0.8275090297850907 -1.0452225168577918 -1.9660058565694072
-1.5683623249888459 -0.8934573791840099 -1.0828836288945811 -2.0539340962633319
-1.6141198155495209 -0.9431370953408895 -1.1249369412057029 -2.1467262046528308
-1.6598773061101961 -0.9985729470287444 -1.1676471844460989 -2.2438833042398740
-1.7056347966708711 -1.0587320455919811 -1.2016572644651806 -2.3449663289750875
-1.7513922872315464 -1.1184043527483427 -1.2405782179570086 -2.4346890967510899
-1.7971497777922214 -1.1667587222820794 -1.2840513463698353 -2.5269275060897440
-1.8429072683528964 -1.2202947331420997 -1.3233761903386592 -2.6236365496190488
-1.8886647589135717 -1.2743707119245378 -1.3639141666102701 -2.7186138066464127
-1.9344222494742467 -1.3232291116921893 -1.4075836784096076 -2.8116953053929130
-1.9801797400349219 -1.3765173633921817 -1.4477752111112434 -2.9091776772101534
-2.0259372305955967 -1.4242453157831556 -1.4915312217487366 -3.0024850813772712
-2.0716947211562720 -1.4748621031585303 -1.5331919016662505 -3.0993072830659050
-2.1174522117169472 -1.5236143779018527 -1.5762573726325475 -3.1943119168896335
-2.1632097022776224 -1.5720261238813711 -1.6201493687954482 -3.2920496451586687
-2.2089671928382972 -1.6206530035641740 -1.6633319381603684 -3.3878959846180945
-2.2547246833989725 -1.6689695344339499 -1.7068238005960292 -3.4855112661482481
-2.3004821739596477 -1.7168691055068126 -1.7507099116068869 -3.5841744124469415
-2.3462396645203225 -1.7644474675889488 -1.7948974381901648 -3.6825643340675236
-2.3919971550809978 -1.8118912958475344 -1.8390924065308671 -3.7819023763534347
-2.4377546456416730 -1.8594191764430286 -1.8832851340790333 -3.8822184172224610
-2.4835121362023482 -1.9063524502072160 -1.9280072310340539 -3.9834635658182100
-2.5292696267630230 -1.9534573349206261 -1.9724761503450017 -4.0856658576260472
-2.5750271173236983 -2.0003760536569541 -2.0171925270206259 -4.1888902058302593
-2.6207846078843735 -2.0470662966545183 -2.0620478970991307 -4.2932153361427048
-2.6665420984450487 -2.0936399117404885 -2.1070462173529747 -4.3987206326694324
-2.7122995890057235 -2.1402772060822759 -2.1519751768621882 -4.5054789007778320
-2.7580570795663988 -2.1867088560323360 -2.1970550140024767 -4.6135527098672302
-2.8038145701270740 -2.2331308861290782 -2.2422115999345134 -4.7229929096555052
-2.8495720606877493 -2.2794204930957438 -2.2874261789483410 -4.8338384552415885
-2.8953295512484241 -2.3256994041266736 -2.3326914933855449 -4.9461170013999780
-2.9410870418090993 -2.3719384381016866 -2.3779885893490129 -5.0598459261099107
-2.9868445323697745 -2.4181069673210187 -2.4233442746931471 -5.1750335690133555
-3.0326020229304493 -2.4642545659220514 -2.4687466525394259 -5.2150077089100684
-3.0783595134911246 -2.5103504206551470 -2.5141763200449305 -5.2260047044560283
-3.1241170040517998 -2.5564020481332430 -2.5596326785284851 -5.2411322559107081
-3.1698744946124751 -2.6024403383953394 -2.6051321990666993 -5.2598749078229252
-3.2156319851731499 -2.6484389461362223 -2.6506468212218430 -5.2817719605398601
-3.2613894757338251 -2.6944170908155409 -2.6961863778970985 -5.3064216065351344
-3.3071469662945003 -2.7403738654538548 -2.7417492176891143 -5.3334882004540534
-3.3529044568551751 -2.7863120225026856 -2.7873337029994416 -5.3626729734454903
-3.3986619474158504 -2.8322308136052290 -2.8329324545594470 -5.3937172659745736
-3.4444194379765256 -2.8781341749081522 -2.8785483818238213 -5.4264000698673573
-3.4901769285372009 -2.9240209200572083 -2.9241790540985213 -5.4605240059389821
-3.5359344190978756 -2.9698962632335610 -2.9698219425563135 -5.4959219655923137
-3.5816919096585509 -3.0157595826000403 -3.0154751482338575 -5.5324443263187382
-3.6274494002192261 -3.0616127030109475 -3.0611390605616222 -5.5699628300697270
-3.6732068907799009 -3.1074548465880496 -3.1068132295703541 -5.6083640949571834
-3.7189643813405762 -3.1532893616005646 -3.1524947535763852 -5.6475487146907142
-3.7647218719012514 -3.1991161502960006 -3.1981842763343038 -5.6874291279417086
-3.8104793624619266 -3.2449362624582343 -3.2438810753200422 -5.7279286477460181
-3.8562368530226014 -3.2907496149700832 -3.2895833560102292 -5.7689790568964900
-3.9019943435832767 -3.3365574799219631 -3.3352911665508063 -5.8105208475241552
-3.9477518341439519 -3.3823605032646462 -3.3810037816330523 -5.8525008916368257
-3.9935093247046267 -3.4281589405627226 -3.4267212951503718 -5.8948721491657583
-4.0392668152653020 -3.4739530120408135 -3.4724425371002599 -5.9375929567193664
-4.0850243058259768 -3.5197435855590813 -3.5181674671366037 -5.9806262740390101
-4.1307817963866524 -3.5655308948399562 -3.5638955871670910 -6.0239391440394217
-4.1765392869473272 -3.6113151617485313 -3.6096267806237790 -6.0675023318719719
-4.2222967775080020 -3.6570967974625419 -3.6553604604486085 -6.1112895794313342
-4.2680542680686777 -3.7028759311765391 -3.7010965842955530 -6.1552776636833535
-4.3138117586293525 -3.7486529506847392 -3.7468348789137327 -6.1994457786360915
-4.3595692491900282 -3.7944280187438779 -3.7925750379819667 -6.2437753114723815
-4.4053267397507030 -3.8402013231623995 -3.8383169323684663 -6.2882496620653416
-4.4510842303113778 -3.8859730485293413 -3.8840604142926280 -6.3328539757631015
-4.4968417208720535 -3.9317433501792438 -3.9298052739789462 -6.3775749036499025
-4.5425992114327283 -3.9775123667385301 -3.9755514060615740 -6.4224006134603293
-4.5883567019934031 -4.0232802422935450 -4.0212986840389640 -6.4673203445550955
-4.6341141925540787 -4.0690470668308469 -4.0670469703870200 -6.5123245029040886
-4.6798716831147535 -4.1148129559876452 -4.1127961772572332 -6.5574045859705024
-4.7256291736754283 -4.1605780117142954 -4.1585462132020128 -6.6025529560664378
-4.7713866642361040 -4.2063423097190302 -4.2042969947725108 -6.6477625562659330
-4.8171441547967788 -4.2521059202794156 -4.2500484453359633 -6.6930272062309610
-4.8629016453574536 -4.2978689237468277 -4.2958005027046697 -6.7383415363798447
-4.9086591359181293 -4.3436313764407117 -4.3415531037857145 -6.7837001347205552
-4.9544166264788041 -4.3893933308114432 -4.3873061914394764 -6.8290988557778673
-5.0001741170394798 -4.4351548414844029 -4.4330597209051819 -6.8745335994659218
-5.0459316076001546 -4.4809159483237693 -4.4788136466137960 -6.9245492013374825
-5.0916890981608294 -4.5266766924041582 -4.5245679278040960 -6.9832963774237697
-5.1374465887215051 -4.5724371122392009 -4.5703225313504792 -7.0499070048363865
-5.1832040792821799 -4.6181972400230782 -4.6160774213934230 -7.1235964647426062
-5.2289615698428547 -4.6639571042507750 -4.6618325718183238 -7.2036573260902648
-5.2747190604035303 -4.7097167314322146 -4.7075879558334819 -7.2894521414855094
-5.3204765509642051 -4.7558733491648377 -4.7538378667022680 -7.3804076038214808
-5.3662340415248799 -4.8057898313873819 -4.8039589276032331 -7.4760057343599540
-5.4119915320855556 -4.8598646189117760 -4.8582176838825433 -7.5757811990840844
-5.4577490226462304 -4.9176827753880650 -4.9162012694296173 -7.6793125937810061
-5.5035065132069061 -4.9788705119527128 -4.9775377893427191 -7.7862298816991364
-5.5492640037675809 -5.0430912246803183 -5.0418922839927465 -7.8961818923335976
-5.5950214943282557 -5.1100417851012372 -5.1089631725727376 -8.0088748272961503
-5.6407789848889314 -5.1794492954045106 -5.1784789178055775 -8.1240359234402124
-5.6865364754496062 -5.2510681005915094 -5.2501950568158122 -8.2414054286231053
-5.7322939660102818 -5.3246770552659450 -5.3238915501084678 -8.3607628670433023
-5.7780514565709566 -5.4000770900103747 -5.3993703559926720 -8.4819308506759832
-5.8238089471316314 -5.4770890764267479 -5.4764531797680256 -8.6046998045986633
-5.8695664376923071 -5.5555517588470043 -5.5549795856872883 -8.7289208257486077
-5.9153239282529819 -5.6353200107490720 -5.6348051779675661 -8.8544581958581041
-5.9610814188136567 -5.7162632415399424 -5.7157999810723155 -8.9811609601043791
-6.0068389093743324 -5.7982639007637156 -5.7978470427448547 -9.1089234400606127
-6.0525963999350072 -5.8812162129335412 -5.8808410961081066 -9.2376326114939680
-6.0983538904956820 -5.9650249595624896 -5.9646874295923444 -9.3672346066386698
-6.1441113810563577 -6.0496045064550623 -6.0493007491962913 -9.4975470839617557
-6.1898688716170325 -6.1348777079206736 -6.1346043711992664 -9.6285984854904338
-6.2356263621777073 -6.2207752077527703 -6.2205292163747625 -9.7602326630455494
-6.2813838527383830 -6.3072345344793543 -6.3070131672283445 -9.8924579181582537
-6.3271413432990578 -6.3941995034219916 -6.3940002865025640 -10.0251737823610831
-6.3728988338597325 -6.4816195148448603 -6.4814402669084776 -10.1584300704177277
-6.4186563244204082 -6.5694491273269531 -6.5692877398073968 -10.2918286341074641
-6.4644138149810830 -6.6576472347205806 -6.6575020847932640 -10.4260390979437716
-6.5101713055417587 -6.7461771546984197 -6.7460464349024161 -10.5600290916265376
-6.5559287961024335 -6.8350055539683332 -6.8348879272179630 -10.6946776925024842
-6.6016862866631083 -6.9241026559691976 -6.9239967650428680 -10.8294052517520552
-6.6474437772237840 -7.0134415124392762 -7.0133462893658596 -10.9648299720211426
-6.6932012677844588 -7.1029980352748501 -7.1029123318823695 -11.1001303857349445
-6.7389587583451336 -7.1927504487661800 -7.1926732501074016 -11.2352377635449603
-6.7847162489058093 -7.2826790161813477 -7.2826096943352914 -11.3718646694428855
-6.8304737394664841 -7.3727663374691561 -7.3727038957207158 -11.5073648548938419
-6.8762312300271589 -7.4629963972271067 -7.4629402183802558 -11.6434142499652840
-6.9219887205878345 -7.5533549926936816 -7.5533043721320396 -11.7790725209326457
-6.9677462111485093 -7.6438291370016351 -7.6437837022564175 -11.9165200268110318
-7.0135037017091850 -7.7344074959957583 -7.7343664783375932 -12.0514929974007945
-7.0592611922698598 -7.8250793227978495 -7.8250426751720195 -12.1909909939555448
-7.1050186828305346 -7.9158357965358270 -7.9158024223978227 -12.3225249375919077
-7.1507761733912103 -8.0066679206514824 -8.0066378986503448 -12.4593360423370267
-7.1965336639518851 -8.0975681557857175 -8.0975414930678422 -12.6015365206447694
-7.2422911545125599 -8.1885303474432654 -8.1885057570794171 -12.7278046527563724
-7.2880486450732356 -8.2795472354836548 -8.2795256763479426 -12.8756800430530678
-7.3338061356339104 -8.3706145215695660 -8.3705945082238991 -12.9995713513037963
-7.3795636261945852 -8.4617262214215341 -8.4617083140158993 -13.1384209968028340
-7.4253211167552609 -8.5528782162504573 -8.5528622798628362 -13.2806549600181860
-7.4710786073159356 -8.6440667515575758 -8.6440520999039485 -13.4081242255059188
-7.5168360978766113 -8.7352876263553796 -8.7352747363057901 -13.5547538674115469
-7.5625935884372861 -8.8265378941977541 -8.8265266366829689 -13.7046274821158374
-7.6083510789979609 -8.9178153969492158 -8.9178040822995417 -13.7943698590248669
-7.6541085695586366 -9.0091153840413902 -9.0091065403311461 -13.9922056346613175
-7.6998660601193114 -9.1004376132015867 -9.1004295224351370 -14.1194939869429774
-7.7456235506799862 -9.1917788878727933 -9.1917719242980684 -14.2684983862257564
-7.7913810412406619 -9.2831375101203530 -9.2831315709377265 -14.4237100178543667
-7.8371385318013367 -9.3745128533335205 -9.3745057281512896 -14.4454817978750807
-7.8828960223620115 -9.4659008844544399 -9.4658952114081991 -14.6301143951528605
-7.9286535129226872 -9.5573027701663733 -9.5572961039601090 -14.6413488807328029
-7.9744110034833620 -9.6487137154834173 -9.6487106387059960 -15.0135522080348984
-8.0201684940440376 -9.7401378271809786 -9.7401324428120244 -14.9057809089172224
-8.0659259846047124 -9.8315684973306485 -9.8315661369133522 -15.2566388382394376
-8.1116834751653872 -9.9230096199675391 -9.9230057898600421 -15.2248430027793216
-8.1574409657260620 -10.0144564560142122 -10.0144548593114173 -15.6003387314768442
-8.2031984562867368 -10.1059124619025642 -10.1059080909292245 -15.7125222123709172
-8.2489559468474134 -10.1973728515443156 -10.1973687317906236 -15.8610860058748582
-8.2947134374080882 -10.2888386624043324 -10.2888355784794747 -15.5659086601726848
-8.3404709279687630 -10.3803082953923358 -10.3803084208582987 -15.4036690478968712
-8.3862284185294378 -10.4717858643369475 -10.4717780742163384 -15.9412258086330212
-8.4319859090901126 -10.5632626761101616 -10.5632595497980954 -15.5364309533152358
-8.4777433996507892 -10.6547441959626035 -10.6547429988180973 -15.4041464257761032
-8.5235008902114640 -10.7462301818242505 -10.7462343581756592 -15.5322410668177078
-8.5692583807721388 -10.8377193905955753 -10.8377250971791792 -15.6439130494879919
-8.6150158713328135 -10.9292165257698670 -10.9292054066034812 -15.7109462641615565
-8.6607733618934883 -11.0207080139713618 -11.0207040853441711 -15.9300608111749789
-8.7065308524541631 -11.1122001970148716 -11.1122114211834830 -15.7689900744215823
-8.7522883430148397 -11.2036955826198295 -11.2037092922644579 -15.8586988295674001
-8.7980458335755145 -11.2951969861915931 -11.2952071885132543 -15.9516310615472996
-8.8438033241361893 -11.3867152313231710 -11.3866979674719850 -16.0918599147697705
-8.8895608146968641 -11.4782010576749958 -11.4782172440637087 -15.9298604446284475
-8.9353183052575389 -11.5697170854919609 -11.5696882397847354 -15.8877035727449183
-8.9810757958182155 -11.6612202980240411 -11.6612176918661774 -16.0244977707828014
-9.0268332863788903 -11.7527172297430660 -11.7527327839002993 -15.8114559897436582
-9.0725907769395651 -11.8442340194223910 -11.8442356641706326 -15.9898027333312527
-9.1183482675002399 -11.9357184198184108 -11.9357408665430427 -16.2138031719447966
-9.1641057580609147 -12.0272590758136690 -12.0272025130370093 -16.0626148063563150
-9.2098632486215894 -12.1187561992833839 -12.1187414686854602 -16.0259949092326437
-9.2556207391822660 -12.2102340243897576 -12.2102804245341670 -16.1410895730809365
-9.3013782297429408 -12.3017583619521513 -12.3017948576658096 -15.9836375661757000
-9.3471357203036156 -12.3932620126222908 -12.3933211319053740 -16.0293194878338170
-9.3928932108642904 -12.4847769374932049 -12.4848438860602524 -16.0966127429649788
-9.4386507014249652 -12.5762681812830994 -12.5763990077657297 -16.1513087382626246
-9.4844081919856418 -12.6677829268528317 -12.6677264803172012 -16.2387740567204553
-9.5301656825463166 -12.7592084829968577 -12.7594028520060458 -16.1784932654585099
-9.5759231731069914 -12.8507195566563759 -12.8509117785002243 -16.1220075789682333
-9.6216806636676662 -12.9423497546540638 -12.9422087608765342 -16.2353200005288443
-9.6674381542283410 -13.0339437823217370 -13.0337408732609834 -16.0828279048369893
-9.7131956447890158 -13.1251204274500193 -13.1251291421484098 -16.1423947415520637
-9.7589531353496923 -13.2165552470738739 -13.2166749934739443 -16.2128412790113785
-9.8047106259103671 -13.3080654916906695 -13.3080197922797225 -16.1498934190396675
-9.8504681164710419 -13.3995927595397522 -13.3995483393118171 -16.1619450531084077
-9.8962256070317167 -13.4908470148324522 -13.4910651693049619 -16.1883020334438044
-9.9419830975923915 -13.5823607528761627 -13.5822767268272031 -16.2163625397277968
-9.9877405881530681 -13.6736071998759225 -13.6735791636756936 -16.2217475825204041
-10.0334980787137429 -13.7647958175460090 -13.7650376563742221 -16.2520033739497762
-10.0792555692744177 -13.8559029590591134 -13.8563027183418868 -16.1971774295618154
-10.1250130598350925 -13.9472434836619534 -13.9472955468675686 -16.2363457289593001
-10.1707705503957673 -14.0380808025395787 -14.0383767026134052 -16.1955008603446089
-10.2165280409564421 -14.1292171852737098 -14.1296142316610354 -16.2315670482023648
-10.2622855315171186 -14.2205376924766611 -14.2209436330958958 -16.2227662901049605
-10.3080430220777934 -14.3110979370598184 -14.3111905632871554 -16.2340948382411128
-10.3538005126384682 -14.4017348927033026 -14.4011630482420880 -16.2184501478749397
-10.3995580031991430 -14.4917496009096975 -14.4910354497356604 -16.2429374945508656
-10.4453154937598178 -14.5812199165127758 -14.5807710663216028 -16.2499970278317640
-10.4910729843204944 -14.6709794694857116 -14.6717834870110284 -16.2537253232972070
-10.5368304748811692 -14.7597505187112024 -14.7606766607537612 -16.2540454424998622
-10.5825879654418440 -14.8475798415979270 -14.8484031385993482 -16.2362126274175509
-10.6283454560025188 -14.9368658805885666 -14.9367809587681748 -16.2450924863736361
-10.6741029465631936 -15.0220298191141648 -15.0222117486675888 -16.2532768933412690
-10.7198604371238684 -15.1075958737718530 -15.1098497253125412 -16.2522696156794382
-10.7656179276845450 -15.1921753175519036 -15.1932824399824824 -16.2531417956837956
-10.8113754182452197 -15.2765324837847700 -15.2752649340553841 -16.2456652912979465
-10.8571329088058945 -15.3563323557853693 -15.3570804758829986 -16.2474565334532635
-10.9028903993665693 -15.4392998618360711 -15.4365516145059765 -16.2480096754277596
-10.9486478899272441 -15.5139895928000797 -15.5113122159394408 -16.2514484069175538
-10.9944053804879189 -15.5892696873640748 -15.5863058936146501 -16.2532834845460350
-11.0401628710485955 -15.6552346121388091 -15.6584806170007589 -16.2554682040738783
-11.0859203616092703 -15.7214539186419646 -15.7287694009146453 -16.2494952527214416
-11.1316778521699451 -15.7872309409852889 -15.7879493704865741 -16.2531516794533601
-11.1774353427306199 -15.8424901572866634 -15.8481451719568955 -16.2532291100981219
-11.2231928332912947 -15.9020529807175830 -15.8993639871883179 -16.2545525055310947
-11.2689503238519713 -15.9478531251157882 -15.9489016214466854 -16.2557266362803823
-11.3147078144126461 -15.9954619830839935 -15.9941933455635059 -16.2539167064144436
-11.3604653049733209 -16.0316269125200748 -16.0395277718579514 -16.2542460497587342
-11.4062227955339957 -16.0676606276409544 -16.0658224957135012 -16.2556937024738382
-11.4519802860946704 -16.0992029120421378 -16.0945492720670238 -16.2551428975905026
-11.4977377766553452 -16.1242758485357278 -16.1236751154342990 -16.2554951169213027
-11.5434952672160218 -16.1463635754569417 -16.1464325004042841 -16.2555029840686345
-11.5892527577766966 -16.1683153936203858 -16.1659189212693235 -16.2537995567355651
-11.6350102483373714 -16.1816252325625314 -16.1840273145851299 -16.2554185231982622
-11.6807677388980462 -16.1952066834531401 -16.1960432303076090 -16.2546905225400025
-11.7265252294587210 -16.2061969668965773 -16.2059933511382646 -16.2541626585334420
-11.7722827200193958 -16.2161741477891361 -16.2171427010480080 -16.2553808523228938
-11.8180402105800724 -16.2212440979094090 -16.2222412959162519 -16.2553667783287992
-11.8637977011407472 -16.2281805032018980 -16.2304067327093762 -16.2556492768615080
-11.9095551917014220 -16.2345524881919907 -16.2355046269380523 -16.2553514630299070
-11.9553126822620968 -16.2393335963431120 -16.2382715443430179 -16.2556480342523741
-12.0010701728227716 -16.2409180466939631 -16.2428480018953820 -16.2556249430795070
-12.0468276633834481 -16.2440061936878344 -16.2439295835716138 -16.2553715385992881
-12.0925851539441229 -16.2467165883284146 -16.2472513180610427 -16.2557331094133914
-12.1383426445047977 -16.2489408283842174 -16.2490156761691935 -16.2556971653253868
-12.1841001350654725 -16.2490803370929839 -16.2496469907963217 -16.2550874625192208
-12.2298576256261473 -16.2505134028237919 -16.2507646019911824 -16.2556919678221306
-12.2756151161868239 -16.2516361214912095 -16.2526713414190063 -16.2556128284708841
-12.3213726067474987 -16.2526343194108733 -16.2521797203018181 -16.2553794035083250
-12.3671300973081735 -16.2532652559895858 -16.2531466345845388 -16.2557499400107659
-12.4128875878688483 -16.2535818412857296 -16.2538377094109876 -16.2557098583687498
-12.4586450784295231 -16.2542830029707481 -16.2543728185765310 -16.2555989022656711
-12.5044025689901979 -16.2544374560110683 -16.2552868963567256 -16.2557380290590068
-12.5501600595508744 -16.2548658963308235 -16.2549647238383166 -16.2556360096038830
-12.5959175501115492 -16.2551060262746496 -16.2548895673989300 -16.2556375757663680
-12.6416750406722240 -16.2551840906376803 -16.2549326231075817 -16.2556237555481786
-12.6874325312328988 -16.2551243322589869 -16.2554319778742489 -16.2557443470014320
-12.7331900217935736 -16.2556769258344502 -16.2556378993543618 -16.2557190887291263
-12.7789475123542502 -16.2551801857932610 -16.2555511993378339 -16.2555316589567056
-12.8247050029149250 -16.2554076821375837 -16.2554431300466256 -16.2556466751527005
-12.8704624934755998 -16.2555130252400204 -16.2555904121589307 -16.2556681235359690
-12.9162199840362746 -16.2555617075089565 -16.2555506558186558 -16.2557614952408187
-12.9619774745969494 -16.2555642957674706 -16.2556124143022025 -16.2556311315616711
-13.0077349651576242 -16.2555997241064603 -16.2556789452104375 -16.2556387018536270
-13.0534924557183007 -16.2555650334239701 -16.2556258167422314 -16.2556375757663680
-13.0992499462789755 -16.2555886520356196 -16.2555619404515888 -16.2556057617719105
-13.1450074368396503 -16.2556658841561443 -16.2555853259397267 -16.2556254608053550
-13.1907649274003251 -16.2555792303203752 -16.2556485908372750 -16.2556473352862945
-13.2365224179609999 -16.2555837081980137 -16.2556569008641389 -16.2556006883153543
-13.2822799085216747 -16.2556606384864750 -16.2556803464816646 -16.2556701622877569
-13.3280373990823513 -16.2557149589924492 -16.2556879063046651 -16.2557027285998501
-13.3737948896430261 -16.2556573021311443 -16.2556404686515918 -16.2556612436283565
-13.4195523802037009 -16.2556097157440718 -16.2556459308856347 -16.2556286836626285
-13.4653098707643757 -16.2556370758233903 -16.2556251145761266 -16.2556276320248472
-13.5110673613250505 -16.2556373864675017 -16.2556435686551346 -16.2556395593645640
-13.5568248518857271 -16.2556226618573447 -16.2556219127777872 -16.2556236099382936
-13.6025823424464019 -16.2556281368106639 -16.2556230226455867 -16.2556237587839547
-13.6483398330070766 -16.2556509530950919 -16.2556489985685282 -16.2556508090940746
-13.6940973235677514 -16.2556402518463265 -16.2556533930296681 -16.2556458079198940
-13.7398548141284262 -16.2556391678216237 -16.2556638098276238 -16.2556492186141277
-13.7856123046891010 -16.2556861943297974 -16.2556650136488976 -16.2556774500946197
-13.8313697952497776 -16.2557110606994613 -16.2557137372322664 -16.2557125300394922
-13.8771272858104524 -16.2556237571660667 -16.2556243165511631 -16.2556241850976235
-13.9228847763711272 -16.2556596773805175 -16.2556582875020936 -16.2556589039668289
-13.9686422669318020 -16.2556239496947690 -16.2556235662553377 -16.2556234222634011
-14.0143997574924768 -16.2557486129592093 -16.2557496422329919 -16.2557419162657801
-14.0601572480531534 -16.2557124636925323 -16.2557127222029969 -16.2557126089276558
-14.1059147386138282 -16.2556760253705406 -16.2556769808493762 -16.2556765156498493
-14.1516722291745030 -16.2556558248879135 -16.2556547197902965 -16.2556594217331636
-14.1974297197351778 -16.2556472616684076 -16.2556476366343787 -16.2556474703872915
-14.2431872102958526 -16.2557259889723866 -16.2557230105589099 -16.2557270376118232
-14.2889447008565273 -16.2556858294437774 -16.2556854572765310 -16.2556844330092005
-14.3347021914172039 -16.2556826870677646 -16.2556815086826241 -16.2556832833407654
-14.3804596819778787 -16.2556309806910910 -16.2556305859200592 -16.2556301507015917
-14.4262171725385535 -16.2556452626643342 -16.2556434295104530 -16.2556442975474909
-14.4719746630992283 -16.2556575909465337 -16.2556579558088323 -16.2556579012008164
-14.5177321536599031 -16.2556874584882820 -16.2556870244264076 -16.2556878646378991
-14.5634896442205797 -16.2556632971376978 -16.2556632892244970 -16.2556632932190190
-14.6092471347812545 -16.2556474776681839 -16.2556470707473437 -16.2556479052186198
-14.6550046253419293 -16.2556353426112956 -16.2556346582269988 -16.2556359545941440
-14.7007621159026041 -16.2556279612680932 -16.2556289396963685 -16.2556272841759863
-14.7465196064632789 -16.2556279596501909 -16.2556292058421832 -16.2556272857938851
-14.7922770970239537 -16.2556653885796329 -16.2556653991980404 -16.2556653615279778
-14.8380345875846302 -16.2556285548368642 -16.2556286873029201 -16.2556282037514563
-14.8837920781453050 -16.2556393859409276 -16.2556392549884343 -16.2556393404361970
-14.9295495687059798 -16.2556266331735486 -16.2556268578592729 -16.2556266768568101
-14.9753070592666546 -16.2556733308668200 -16.2556735221028177 -16.2556731524743547
-15.0210645498273294 -16.2556958156797577 -16.2556958665505498 -16.2556958467281341
-15.0668220403880042 -16.2556632556502656 -16.2556636520690319 -16.2556628717716229
-15.1125795309486808 -16.2556261439617344 -16.2556266200281208 -16.2556263218292969
-15.1583370215093556 -16.2556970649993922 -16.2556974084542034 -16.2556967826303911
-15.2040945120700304 -16.2556284108938343 -16.2556284091242524 -16.2556284067985111
-15.2498520026307052 -16.2556284110707949 -16.2556284297778220 -16.2556283988606651
-15.2956094931913800 -16.2556433207025783 -16.2556431446482570 -16.2556432287821906
-15.3413669837520565 -16.2560212892833711 -16.2560211954611624 -16.2560209654095935
-15.3871244743127313 -16.2556205166119128 -16.2556205159293725 -16.2556205134519978
-15.4328819648734061 -16.2556764365154152 -16.2556763931305355 -16.2556765563042234
-15.4786394554340809 -16.2556286356310409 -16.2556286575738937 -16.2556286403078012
-15.5243969459947557 -16.2556542413672283 -16.2556542443756982 -16.2556542340103789
-15.5701544365554323 -16.2556430792725592 -16.2556432180632022 -16.2556431272046247
-15.6159119271161071 -16.2556449075710638 -16.2556449569190491 -16.2556449208687290
-15.6616694176767819 -16.2556510371294145 -16.2556509274600742 -16.2556509867189298
-15.7074269082374567 -16.2556542966826569 -16.2556542711232872 -16.2556542882639903
-15.7531843987981315 -16.2556542968090625 -16.2556542842948311 -16.2556542940281226
-15.7989418893588063 -16.2556509053138498 -16.2556508608697179 -16.2556508730804765
-15.8446993799194829 -16.2556903290771793 -16.2556903925384546 -16.2556902329245219
-15.8904568704801576 -16.2557284230830241 -16.2557285384611916 -16.2557284664731014
-15.9362143610408324 -16.2558008587138936 -16.2558007519403347 -16.2558008181743325
