0.00000000 2.60000000 0.00000000
0.13000000 -1.52543220 0.92518598
0.26000000 4.83280937 0.99416383
0.39000000 -4.47468629 0.99950875
0.52000000 8.24465099 0.99995438
0.65000000 -7.79416597 0.99999528
0.78000000 10.74619294 0.99999946
0.91000000 -8.85457876 0.99999993
1.04000000 10.11075121 0.99999999
1.17000000 -6.73300441 1.00000000
1.30000000 7.05704100 1.00000000
1.43000000 -3.40312606 1.00000000
1.56000000 3.98801141 1.00000000
1.69000000 -0.90374629 1.00000000
1.82000000 2.14502013 1.00000000
1.95000000 0.34654577 1.00000000
2.08000000 1.35552307 1.00000000
2.21000000 0.81479581 1.00000000
2.34000000 1.09274166 1.00000000
2.47000000 0.95519878 1.00000000
2.60000000 1.02094572 1.00000000
2.73000000 0.99049497 1.00000000
2.86000000 1.00419760 1.00000000
2.99000000 0.99819175 1.00000000
3.12000000 1.00076147 1.00000000
3.25000000 0.99968595 1.00000000
3.38000000 1.00012708 1.00000000
3.51000000 0.99994947 1.00000000
3.64000000 1.00001977 1.00000000
3.77000000 0.99999238 1.00000000
3.90000000 1.00000290 1.00000000
