0.00000000 0.00100000 0.00099900 0.00099950 0.00000000
0.05000000 0.63251903 0.63215085 0.63233489 0.63196747
0.10000000 0.86448621 0.86421501 0.86435061 0.86421554
0.15000000 0.94978213 0.94963176 0.94970697 0.94965719
0.20000000 0.98125676 0.98118223 0.98121951 0.98120108
0.25000000 0.99293939 0.99290449 0.99292196 0.99291508
0.30000000 0.99731068 0.99729483 0.99730276 0.99730017
0.35000000 0.99896266 0.99895559 0.99895913 0.99895814
0.40000000 0.99959428 0.99959115 0.99959271 0.99959233
0.45000000 0.99983894 0.99983756 0.99983825 0.99983810
0.50000000 0.99993506 0.99993445 0.99993476 0.99993470
0.55000000 0.99997340 0.99997312 0.99997326 0.99997324
0.60000000 0.99998892 0.99998880 0.99998886 0.99998885
0.65000000 0.99999531 0.99999526 0.99999528 0.99999528
0.70000000 0.99999798 0.99999796 0.99999797 0.99999797
0.75000000 0.99999912 0.99999911 0.99999911 0.99999911
0.80000000 0.99999961 0.99999960 0.99999961 0.99999961
0.85000000 0.99999982 0.99999982 0.99999982 0.99999982
0.90000000 0.99999992 0.99999992 0.99999992 0.99999992
0.95000000 0.99999996 0.99999996 0.99999996 0.99999996
1.00000000 0.99999998 0.99999998 0.99999998 0.99999998
1.05000000 0.99999999 0.99999999 0.99999999 0.99999999
1.10000000 1.00000000 1.00000000 1.00000000 1.00000000
1.15000000 1.00000000 1.00000000 1.00000000 1.00000000
1.20000000 1.00000000 1.00000000 1.00000000 1.00000000
1.25000000 1.00000000 1.00000000 1.00000000 1.00000000
1.30000000 1.00000000 1.00000000 1.00000000 1.00000000
1.35000000 1.00000000 1.00000000 1.00000000 1.00000000
1.40000000 1.00000000 1.00000000 1.00000000 1.00000000
1.45000000 1.00000000 1.00000000 1.00000000 1.00000000
1.50000000 1.00000000 1.00000000 1.00000000 1.00000000
1.55000000 1.00000000 1.00000000 1.00000000 1.00000000
1.60000000 1.00000000 1.00000000 1.00000000 1.00000000
1.65000000 1.00000000 1.00000000 1.00000000 1.00000000
1.70000000 1.00000000 1.00000000 1.00000000 1.00000000
1.75000000 1.00000000 1.00000000 1.00000000 1.00000000
1.80000000 1.00000000 1.00000000 1.00000000 1.00000000
1.85000000 1.00000000 1.00000000 1.00000000 1.00000000
1.90000000 1.00000000 1.00000000 1.00000000 1.00000000
1.95000000 1.00000000 1.00000000 1.00000000 1.00000000
2.00000000 1.00000000 1.00000000 1.00000000 1.00000000
2.05000000 1.00000000 1.00000000 1.00000000 1.00000000
2.10000000 1.00000000 1.00000000 1.00000000 1.00000000
2.15000000 1.00000000 1.00000000 1.00000000 1.00000000
2.20000000 1.00000000 1.00000000 1.00000000 1.00000000
2.25000000 1.00000000 1.00000000 1.00000000 1.00000000
2.30000000 1.00000000 1.00000000 1.00000000 1.00000000
2.35000000 1.00000000 1.00000000 1.00000000 1.00000000
2.40000000 1.00000000 1.00000000 1.00000000 1.00000000
2.45000000 1.00000000 1.00000000 1.00000000 1.00000000
2.50000000 1.00000000 1.00000000 1.00000000 1.00000000
2.55000000 1.00000000 1.00000000 1.00000000 1.00000000
2.60000000 1.00000000 1.00000000 1.00000000 1.00000000
2.65000000 1.00000000 1.00000000 1.00000000 1.00000000
2.70000000 1.00000000 1.00000000 1.00000000 1.00000000
2.75000000 1.00000000 1.00000000 1.00000000 1.00000000
2.80000000 1.00000000 1.00000000 1.00000000 1.00000000
2.85000000 1.00000000 1.00000000 1.00000000 1.00000000
2.90000000 1.00000000 1.00000000 1.00000000 1.00000000
2.95000000 1.00000000 1.00000000 1.00000000 1.00000000
3.00000000 1.00000000 1.00000000 1.00000000 1.00000000
3.05000000 1.00000000 1.00000000 1.00000000 1.00000000
3.10000000 1.00000000 1.00000000 1.00000000 1.00000000
3.15000000 1.00000000 1.00000000 1.00000000 1.00000000
3.20000000 1.00000000 1.00000000 1.00000000 1.00000000
3.25000000 1.00000000 1.00000000 1.00000000 1.00000000
3.30000000 1.00000000 1.00000000 1.00000000 1.00000000
3.35000000 1.00000000 1.00000000 1.00000000 1.00000000
3.40000000 1.00000000 1.00000000 1.00000000 1.00000000
3.45000000 1.00000000 1.00000000 1.00000000 1.00000000
3.50000000 1.00000000 1.00000000 1.00000000 1.00000000
3.55000000 1.00000000 1.00000000 1.00000000 1.00000000
3.60000000 1.00000000 1.00000000 1.00000000 1.00000000
3.65000000 1.00000000 1.00000000 1.00000000 1.00000000
3.70000000 1.00000000 1.00000000 1.00000000 1.00000000
3.75000000 1.00000000 1.00000000 1.00000000 1.00000000
3.80000000 1.00000000 1.00000000 1.00000000 1.00000000
3.85000000 1.00000000 1.00000000 1.00000000 1.00000000
3.90000000 1.00000000 1.00000000 1.00000000 1.00000000
3.95000000 1.00000000 1.00000000 1.00000000 1.00000000
4.00000000 1.00000000 1.00000000 1.00000000 1.00000000
