0 1 1
0.0101010101010101 0.9781144823380492 0.9781141596562229
0.0202020202020202 0.9566291849535653 0.9566285530699461
0.0303030303030303 0.9355363698423205 0.9355354418475705
0.04040404040404041 0.9148284591805881 0.91482724778679
0.05050505050505051 0.8944980322324692 0.8944965497836572
0.06060606060606061 0.8745378223213296 0.874536080803767
0.07070707070707072 0.8549407138641123 0.8549387249163208
0.08080808080808081 0.8356997394673138 0.8356975143898653
0.09090909090909091 0.8168080770834403 0.8168056268485124
0.101010101010101 0.7982590472267823 0.798256382487484
0.1111111111111111 0.7800461102473736 0.7800432413468497
0.1212121212121212 0.7621628636620165 0.7621598006423348
0.1313131313131313 0.7446030395412916 0.7445997921521157
0.1414141414141414 0.7273605019514797 0.7273570796585395
0.1515151515151515 0.7104292444503548 0.7104256564437128
0.1616161616161616 0.6938033876358247 0.6937996428379484
0.1717171717171717 0.6774771767464206 0.6774732838200614
0.1818181818181819 0.661444979312654 0.661440946668544
0.191919191919192 0.6457012828582842 0.645697118662649
0.2020202020202021 0.6302406926505579 0.6302364048324545
0.2121212121212122 0.6150579294985017 0.6150535257569829
0.2222222222222223 0.6001478275983703 0.6001433154094852
0.2323232323232324 0.5855053324253703 0.5855007190489991
0.2424242424242425 0.5711254986707995 0.5711207911573319
0.2525252525252526 0.5570034882237594 0.5569986934206164
0.2626262626262627 0.5431345681966174 0.5431296927546257
0.2727272727272728 0.529514108993413 0.5295091593730331
0.2828282828282829 0.51613758242042 0.5161325648978307
0.292929292929293 0.5030005598380922 0.5029954805111381
0.3030303030303031 0.4900987103536404 0.4900935751476452
0.3131313131313133 0.4774277990535009 0.4774226137269508
0.3232323232323234 0.464983685274976 0.4649784554250742
0.3333333333333335 0.4527623209163403 0.4527570519844401
0.3434343434343436 0.440759748784722 0.4407544460616399
0.3535353535353537 0.4289721009810879 0.4289667696122992
0.3636363636363638 0.4173955973216696 0.4173902423123921
0.3737373737373739 0.4060265437951892 0.4060211700153563
0.383838383838384 0.3948613310552527 0.3948559432443811
0.3939393939393941 0.3838964329472987 0.383891035719252
0.4040404040404043 0.3731284050694975 0.3731230029171494
0.4141414141414144 0.3625538833670171 0.3625484806668183
0.4242424242424245 0.3521695827590791 0.3521641837755287
0.4343434343434346 0.3419722957982462 0.3419669046882736
0.4444444444444447 0.3319588913613943 0.3319535121786505
0.4545454545454548 0.3221263133718324 0.3221209500708974
0.4646464646464649 0.3124715795520525 0.3124662359925594
0.474747474747475 0.302991780206597 0.3029864601572757
0.4848484848484851 0.2936840770345498 0.2936787841771928
0.4949494949494953 0.2845457019711636 0.2845404399045181
0.5050505050505053 0.2755739560581534 0.2755687283017403
0.5151515151515154 0.2667662083421927 0.2667610183400556
0.5252525252525254 0.2581198948011653 0.2581147459255528
0.5353535353535355 0.2496325172977317 0.2496274128527147
0.5454545454545455 0.2413016425597858 0.2412965857848116
0.5555555555555556 0.2331249011873835 0.2331198952607705
0.5656565656565656 0.2250999866857399 0.2250950347281143
0.5757575757575757 0.2172246545238983 0.2172197596015754
0.5858585858585857 0.209496721218689 0.2094918863470003
0.5959595959595958 0.2019140634436024 0.2019092915901728
0.6060606060606059 0.1944746171622139 0.194469911250189
0.6161616161616159 0.1871763767858053 0.1871717396970328
0.626262626262626 0.1800173943548417 0.1800128289330068
0.636363636363636 0.1729957787439659 0.1729912877976856
0.6464646464646461 0.1661096948901904 0.1661052811960662
0.6565656565656561 0.1593573630439677 0.1593530293496
0.6666666666666662 0.1527370580428365 0.1527328070698027
0.6767676767676762 0.1462471086073453 0.1462429430541432
0.6868686868686863 0.1398858966589674 0.1398818192039256
0.6969696969696964 0.1336518566597278 0.1336478699638863
0.7070707070707064 0.1275434749732735 0.1275395816832343
0.7171717171717165 0.1215592892471256 0.1215554919978779
0.7272727272727265 0.115697887815862 0.1156941892335806
0.7373737373737366 0.1099579091249857 0.1099543118298081
0.7474747474747466 0.1043380411752454 0.1043345477840256
0.7575757575757567 0.09883702098717989 0.09883363411622451
0.7676767676767667 0.09345363408566934 0.09345035635345439
0.7777777777777768 0.08818671400428117 0.088183548034154
0.7878787878787868 0.08303514180921021 0.08303209023207653
0.7979797979797969 0.07799784564261751 0.07799491109961638
0.808080808080807 0.07307380028518207 0.07307098543035004
0.818181818181817 0.0682620267376866 0.06825933424061287
0.8282828282828271 0.06356159182146676 0.06355902436994106
0.8383838383838371 0.05897160779756084 0.05896916810021584
0.8484848484848472 0.05449123200440424 0.05448892279335438
0.8585858585858572 0.0501196665139211 0.05011749054739875
0.8686868686868673 0.04585615780587256 0.04585411787086435
0.8787878787878773 0.0416999964603289 0.04169809537521284
0.8888888888888874 0.03765051686813992 0.0376487574853259
0.8989898989898975 0.03370709695928544 0.0337054821678601
0.9090909090909075 0.02986915794899509 0.02986769067737305
0.9191919191919176 0.02613616410153373 0.02613484732011712
0.9292929292929276 0.02250762251155609 0.02250645923540338
0.9393939393939377 0.0189830829029415 0.01898207619444801
0.9494949494949477 0.0155621374450264 0.01556129041661751
0.9595959595959578 0.01224442058615987 0.01224373640299967
0.9696969696969678 0.00902960890451409 0.0090290907872297
0.9797979797979779 0.005917420976088906 0.005917072203513395
0.9898989898989879 0.002907617259856594 0.002907441171791755
0.999999999999998 0 5.63416204684868e-16
