-1.690196080028514 -4.656554695468815
-1.99563519459755 -5.267389131226287
-2.173186268412274 -5.622457913627605
-2.298853076409707 -5.873791071410509
-2.396199347095736 -6.068477889276375
-2.47567118832443 -6.227421465659619
-2.54282542695918 -6.361728302843514
-2.600972895686748 -6.478022965089895
-2.652246341003323 -6.580569400902719
-2.69810054562339 -6.672277524235596
-2.739572344450092 -6.755221081041472
-2.777426822389311 -6.830929467473743
-2.812244696800369 -6.900565459261142
-2.844477175745681 -6.965029979814265
-2.874481817699467 -7.025040246983745
-2.902546779313991 -7.081168937276406
-2.928907690243953 -7.133891205268512
-2.953759691733229 -7.183595148984624
-2.977266212427293 -7.230607847378741
-2.999565488225982 -7.275207217016654
-3.020775488193558 -7.317627805368419
-3.04099769242349 -7.358072549764096
-3.060320028688285 -7.39671534894629
-3.078819183098849 -7.43371275957455
-3.096562438374136 -7.469199640872043
-3.113609151073028 -7.503292091130176
-3.130011949671904 -7.536102589235556
-3.145817714491828 -7.567712473365115
-3.161068385471175 -7.598209065312391
-3.175801632848279 -7.627676815375239
-3.190051417759206 -7.656175947187997
-3.203848463746235 -7.683773101770246
-3.217220655644519 -7.710515638548601
-3.230193378869046 -7.736453319116259
-3.242789809478677 -7.761654732630706
-3.255031163345552 -7.786137724968945
-3.266936911159173 -7.809949349395217
-3.278524964737017 -7.833120290321692
-3.289811839117621 -7.855698949212709
-3.300812794118117 -7.877697395955648
-3.311541958401195 -7.8991509380865
-3.322012438582401 -7.920108493352527
-3.332236415491443 -7.94054614398797
-3.34222522936079 -7.960498661273002
-3.351989455435632 -7.980056480705697
-3.361538971269279 -7.999153913975916
-3.370883016777606 -8.017853001383878
-3.380030247967831 -8.036133731927903
-3.388988785124714 -8.054059099001851
-3.39776625612645 -8.071615438255378
-3.406369835469267 -8.088793053189669
-3.414806279501013 -8.105682136321942
-3.423081958297231 -8.12224224383384
-3.431202884556517 -8.138493737816654
-3.439174739843469 -8.154391282397102
-3.447002898466162 -8.170057087648248
-3.454692449239477 -8.18547880443057
-3.462248215354998 -8.200611529979188
-3.469674772551798 -8.215419781413493
-3.476976465759527 -8.23001447584565
-3.484157424365381 -8.244414608816466
-3.491221576239283 -8.258552316126686
-3.498172660636544 -8.272435989956771
-3.505014240084107 -8.286191943184754
-3.511749711344983 -8.299543632763971
-3.518382315545344 -8.312843542460753
-3.524915147539867 -8.325889531942728
-3.53135116458306 -8.338767580821401
-3.537693194367391 -8.351388883398815
-3.543943942482906 -8.3639244911649
-3.550105999347593 -8.376307928751851
-3.556181846652911 -8.388428033503391
-3.562173863364648 -8.400504231214221
-3.568084331315394 -8.412183178878673
-3.573915440421551 -8.423906698453569
-3.579669293554721 -8.435430257844875
-3.585347911094591 -8.446750987375124
-3.590953235187986 -8.458028820322438
-3.596487133736544 -8.469112369373621
-3.601951404133521 -8.480049196140087
-3.607347776768413 -8.49083033609852
-3.612677918316502 -8.501456090427798
-3.617943434828973 -8.511859092174049
-3.623145874637939 -8.52211669172965
-3.628286731089514 -8.532565422805684
-3.633367445117007 -8.542821865482987
-3.638389407665336 -8.552793753467547
-3.643353961976863 -8.562893752314233
-3.648262405748044 -8.572633208685465
-3.653115993165567 -8.582201877453597
-3.657915936829955 -8.591873058254203
-3.662663409574038 -8.601343068537727
-3.667359546183087 -8.610743734287471
-3.672005445022952 -8.620243319116176
-3.676602169582019 -8.629461840477843
-3.681150749932421 -8.638278700199226
-3.685652184115524 -8.647409288022914
-3.690107439456331 -8.656143003686509
-3.694517453811156 -8.665164255040597
-3.69888313675259 -8.673848729193571
-3.703205370695486 -8.682533101798054
-3.707485011967473 -8.69110857235488
-3.711722891827235 -8.699634947026061
-3.715919817433579 -8.707717423713701
-3.720076572768141 -8.716473143866709
-3.72419391951433 -8.724433214613514
-3.728272597895017 -8.732951491585847
-3.732313327471243 -8.740408872615284
-3.736316807904109 -8.74863574493339
-3.740283719681879 -8.756752100878957
-3.744214724814166 -8.76439165913145
-3.748110467494984 -8.77220623569993
-3.751971574736327 -8.780229594501865
-3.75579865697383 -8.787570975152429
-3.759592308645975 -8.795237732330909
-3.763353108748215 -8.802734253774904
-3.767081621363322 -8.810674649011684
-3.770778396169148 -8.817693919752649
-3.774443968924965 -8.825236086945418
-3.778078861937455 -8.831950898491266
-3.781683584507351 -8.839678819440772
-3.785258633357701 -8.847518763077851
-3.788804493044649 -8.853768860909524
-3.792321636351573 -8.860643221207617
-3.795810524667409 -8.867601130731721
-3.799271608349873 -8.874625816925775
-3.802705327074352 -8.881625786290009
-3.806112110169091 -8.888017634247298
-3.809492376937342 -8.895450043345045
-3.812846536967071 -8.902244115113172
-3.816174990428802 -8.907885040078364
-3.819478128362122 -8.914593036346192
-3.822756332951391 -8.92172613307905
-3.826009977791101 -8.927298602403642
-3.829239428141389 -8.935180544072802
-3.832445041174111 -8.941446770696752
-3.835627166209898 -8.947260596924448
-3.838786144946595 -8.953508334746656
-3.841922311679451 -8.960134232956012
-3.845035993513415 -8.965367215626555
-3.848127510567875 -8.971995763702527
-3.851197176174161 -8.978221585137526
-3.854245297066119 -8.984504014117134
-3.857272173564041 -8.990832486150955
-3.860278099752235 -8.996063967043536
-3.863263363650481 -9.003473098188948
-3.866228247379647 -9.009475215311111
-3.869173027321683 -9.015516222518608
-3.872097974274227 -9.021004195110299
-3.875003353600041 -9.025870391773497
-3.877889425371484 -9.032072091637882
-3.88075644451021 -9.038229086524353
-3.883604660922293 -9.043338651664051
-3.886434319628938 -9.049030550374059
-3.88924566089298 -9.054725621720824
-3.892038920341292 -9.061375019966246
-3.894814329083301 -9.066571832402925
-3.89757211382573 -9.07182484307182
-3.900312496983727 -9.076584379686672
-3.903035696788497 -9.082516808361126
-3.905741927391602 -9.085794970875542
-3.908431398966006 -9.092902785688121
-3.911104317804036 -9.09760874208078
-3.913760886412323 -9.102832880755157
-3.916401303603875 -9.108134851556267
-3.91902576458736 -9.115123758785797
-3.921634461053706 -9.120184009548865
-3.924227581260118 -9.123175636422285
-3.926805310111606 -9.128211780227975
-3.9293678292401 -9.134310492894835
-3.931915317081246 -9.14251711886086
-3.93444794894897 -9.144160990064956
-3.93696589710787 -9.150764036283332
-3.93946933084353 -9.154223223770078
-3.941958416530813 -9.161780098341172
-3.944433317700215 -9.164324772812213
-3.946894195102327 -9.168463379769397
-3.949341206770497 -9.175130694996655
-3.951774508081725 -9.180479772082627
-3.954194251815863 -9.185039204037068
-3.956600588213177 -9.190530599111177
-3.958993665030326 -9.195896858266899
-3.961373627594801 -9.198610658261671
-3.963740618857884 -9.203916714068953
-3.966094779446171 -9.205711569773662
-3.968436247711705 -9.210817783317637
-3.970765159780768 -9.219049951334187
-3.973081649601367 -9.223027393828762
-3.975385848989467 -9.229527065821754
-3.977677887673994 -9.231558173266995
-3.979957893340666 -9.235568733302376
-3.982225991674675 -9.241250500483218
-3.984482306402263 -9.242705766358535
-3.986726959331218 -9.250527709090724
-3.988960070390338 -9.252660426368463
-3.991181757667873 -9.257690546906124
-3.993392137449002 -9.261422489725172
-3.995591324252354 -9.265422990343028
-3.997779430865604 -9.270357025154546
-3.999956568380192 -9.274006036401634
-4.002122846225162 -9.277307336591544
-4.004278372200162 -9.285353292694463
-4.006423252507643 -9.289801597369065
-4.008557591784247 -9.293315602927283
-4.010681493131443 -9.29718891464926
-4.012795058145413 -9.301450175755022
-4.014898386946205 -9.307835171884799
-4.016991578206205 -9.311862971766617
-4.019074729177898 -9.314469235760201
-4.021147935720995 -9.323412798776038
-4.023211292328889 -9.323687583296099
-4.025264892154508 -9.324420056716974
-4.027308827035546 -9.331661924938226
-4.029343187519107 -9.329164643691298
-4.031368062885773 -9.337647968358445
-4.033383541173119 -9.343184229249839
-4.035389709198677 -9.347247034657245
-4.037386652582377 -9.349812718058304
-4.039374455768474 -9.355855112694599
-4.041353202046975 -9.357809429962595
-4.043322973574575 -9.365859298502141
-4.045283851395135 -9.363124460861524
-4.047235915459681 -9.370922426494223
-4.049179244645967 -9.37367191882713
-4.051113916777601 -9.377978999078607
-4.053040008642746 -9.384032178954774
-4.054957596012406 -9.385918616305947
-4.056866753658313 -9.390780181045388
-4.058767555370419 -9.395267203174949
-4.060660073974015 -9.393946367161604
-4.062544381346465 -9.402785466608668
-4.064420548433594 -9.398683140320257
-4.06628864526571 -9.406923405876965
-4.068148740973294 -9.419013956577142
-4.070000903802345 -9.414883084475253
-4.071845201129409 -9.419987843927785
-4.073681699476284 -9.42137084275919
-4.075510464524414 -9.429623532187939
-4.07733156112899 -9.432766251690037
-4.079145053332748 -9.438939221830116
-4.080951004379483 -9.438775844714042
-4.082749476727281 -9.443963471418563
-4.084540532061484 -9.447547478613465
-4.086324231307385 -9.451148773670694
-4.088100634642659 -9.45153903882923
-4.089869801509551 -9.45033318530789
-4.091631790626808 -9.459386480751416
-4.093386660001371 -9.459240978554279
-4.095134466939837 -9.461266629365129
-4.096875268059688 -9.477859266709554
-4.098609119300293 -9.478296780535521
-4.100336075933696 -9.476161015402226
-4.102056192575189 -9.481804222656061
-4.103769523193673 -9.48559428861962
-4.105476121121821 -9.488237754339695
-4.107176039066039 -9.488360498029756
-4.108869329116231 -9.497468478796945
-4.110556042755381 -9.499434005692182
-4.112236230868939 -9.500065797080548
-4.113909943754037 -9.500610093612753
-4.115577231128523 -9.510728572793779
-4.117238142139819 -9.509064961337465
-4.118892725373621 -9.507258055790318
-4.120541028862419 -9.510800939746911
-4.122183100093868 -9.51958958006913
-4.123818986018997 -9.528307509072258
-4.125448733060263 -9.532460730389792
-4.127072387119455 -9.533217035053624
-4.128689993585454 -9.529675807579792
-4.130301597341845 -9.533511509591968
-4.131907242774386 -9.53098243510415
-4.13350697377835 -9.54906583473872
-4.13510083376572 -9.548563638687209
-4.136688865672258 -9.552237582383979
-4.138271111964449 -9.560897805657927
-4.139847614646311 -9.555734018861717
-4.141418415266088 -9.55158959787528
-4.142983554922818 -9.55566208378872
-4.144543074272788 -9.567439138659774
-4.146097013535869 -9.576523531535614
-4.147645412501743 -9.568024372475326
-4.149188310536008 -9.573602016921843
-4.150725746586194 -9.577592407948785
-4.152257759187656 -9.579643837658418
-4.15378438646937 -9.583391361988022
-4.155305666159625 -9.584409606901716
-4.156821635591626 -9.581272921165471
-4.158332331708981 -9.593769802609168
-4.159837791071108 -9.592521241084487
-4.161338049858543 -9.599351809930418
-4.16283314387816 -9.601753311134877
-4.164323108568294 -9.603105773017848
-4.165807979003786 -9.604914855678295
-4.167287789900931 -9.605402608693922
-4.168762575622357 -9.615918174799665
-4.170232370181804 -9.606045818875106
-4.171697207248836 -9.635616310708457
-4.173157120153469 -9.623423229858625
-4.174612141890719 -9.623155083640553
-4.176062305125079 -9.63313737171846
-4.177507642194916 -9.63058599081528
-4.178948185116802 -9.626421350454253
-4.180383965589764 -9.635404878486588
-4.181815014999475 -9.639841573181993
-4.183241364422366 -9.644369661182019
-4.18466304462968 -9.644935546923286
-4.186080086091452 -9.651740963044709
-4.187492518980426 -9.654594953855938
-4.188900373175912 -9.639442426306793
-4.190303678267582 -9.650804358218949
-4.191702463559194 -9.664409304920195
-4.19309675807227 -9.658936699425645
-4.194486590549706 -9.662972647988266
-4.195871989459327 -9.673376242213875
-4.19725298299739 -9.673270681159348
-4.198629599092019 -9.660839948895303
-4.200001865406602 -9.680670039632364
-4.201369809343122 -9.656346115513099
-4.202733458045444 -9.680503770266021
-4.204092838402539 -9.697722475674858
-4.205447977051676 -9.692350302246743
-4.206798900381547 -9.685193587496013
-4.208145634535351 -9.689473826115462
-4.209488205413829 -9.687997918436965
-4.210826638678256 -9.698565019211044
-4.212160959753383 -9.701568513013047
-4.213491193830334 -9.699163841474
-4.214817365869458 -9.68170363037747
-4.216139500603143 -9.704569722501049
-4.21745762253858 -9.717813133323915
-4.218771755960492 -9.702717799216149
-4.220081924933815 -9.711412149279861
-4.221388153306345 -9.74345213526761
-4.222690464711341 -9.723037355671043
-4.223988882570092 -9.725400210983521
-4.225283430094444 -9.732559870702033
-4.226574130289287 -9.724621009552926
-4.227861005955013 -9.724014283188804
-4.22914407968993 -9.750037065872318
-4.23042337389264 -9.73477938052954
-4.231698910764393 -9.722799801885808
-4.232970712311389 -9.74095900508423
-4.234238800347066 -9.758401145321756
-4.235503196494338 -9.743264549791958
-4.236763922187807 -9.735979175806166
-4.238020998675949 -9.725688542045852
-4.239274447023258 -9.756233907679421
-4.240524288112364 -9.741399916394945
-4.241770542646124 -9.777215186955361
-4.243013231149678 -9.756872104458964
-4.244252373972473 -9.763814757607042
-4.24548799129027 -9.73453361745778
-4.246720103107109 -9.780332640383243
-4.247948729257255 -9.758429342779651
-4.249173889407112 -9.772740610740918
-4.250395603057116 -9.790285849658122
-4.251613889543592 -9.759003365344157
-4.252828768040592 -9.794816155687759
-4.254040257561709 -9.791943530464927
-4.255248376961857 -9.800250564292494
-4.256453144939036 -9.784210400405097
-4.257654580036067 -9.775579317364411
-4.258852700642303 -9.811665587591419
-4.260047524995322 -9.786661603112799
-4.261239071182586 -9.787903507038674
-4.26242735714309 -9.8120962798489
-4.263612400668982 -9.809726129393798
-4.264794219407156 -9.822578525877166
-4.265972830860834 -9.845353529562242
-4.267148252391121 -9.797558135640093
-4.268320501218538 -9.805999607699887
-4.269489594424535 -9.807340995924028
-4.270655548952985 -9.812608037602924
-4.271818381611661 -9.82734190508477
-4.272978109073684 -9.812220016733056
-4.274134747878962 -9.831840283483496
-4.275288314435602 -9.83792276299488
-4.276438825021309 -9.842827869806474
-4.277586295784763 -9.822010882652775
-4.278730742746982 -9.820218357712095
-4.279872181802656 -9.856566265056742
-4.281010628721483 -9.848441556275985
-4.282146099149467 -9.839616524681174
-4.283278608610214 -9.847926745126479
-4.284408172506199 -9.884695706582983
-4.28553480612003 -9.832463546107938
-4.286658524615686 -9.841741718896749
-4.287779343039739 -9.850823324928024
-4.288897276322566 -9.878380740905646
-4.290012339279541 -9.83790168251519
-4.291124546612215 -9.844571077868972
-4.292233912909475 -9.872785001672732
-4.293340452648696 -9.876308989455666
-4.294444180196873 -9.855445942129879
-4.295545109811742 -9.864248112153819
-4.29664325564288 -9.883629223217811
-4.297738631732803 -9.861282627790176
-4.298831252018039 -9.879636628725526
-4.299921130330193 -9.91062559606385
-4.301008280397 -9.854087061111015
-4.302092715843356 -9.854680649489618
-4.303174450192349 -9.89166950645834
-4.30425349686627 -9.890703291522215
-4.305329869187608 -9.89686928780225
-4.306403580380041 -9.899407795008528
-4.307474643569412 -9.896448560138284
-4.308543071784684 -9.89197676603626
-4.309608877958903 -9.909176029429769
-4.310672074930124 -9.902174227539156
-4.311732675442349 -9.927084415236759
-4.312790692146442 -9.914021447188222
-4.313846137601028 -9.890284372424176
-4.314899024273395 -9.892135272923413
-4.315949364540375 -9.909364616493599
-4.316997170689212 -9.893086965622757
-4.318042454918434 -9.895394162698704
-4.319085229338699 -9.872814500730517
-4.320125505973635 -9.950635336720385
-4.321163296760679 -9.885969460144638
-4.322198613551892 -9.881538766751342
-4.323231468114774 -9.889123218293966
-4.324261872133069 -9.905504188753911
-4.325289837207551 -9.963578014088327
-4.326315374856817 -9.920143811728662
-4.327338496518052 -9.911624237256401
-4.328359213547802 -9.924769887645127
-4.329377537222727 -9.927615897880061
-4.330393478740346 -9.967536283652162
-4.331407049219782 -9.931130298173482
-4.332418259702485 -9.967392456829417
-4.333427121152962 -9.933420118220601
-4.33443364445948 -9.930664778022255
-4.335437840434784 -9.938685601634401
-4.336439719816778 -9.9444957705541
-4.337439293269231 -9.955524073301259
-4.338436571382445 -9.93120416105107
-4.339431564673933 -9.906166030248283
-4.340424283589086 -9.946612960120444
-4.34141473850183 -9.946916869648279
-4.342402939715273 -9.943661940221272
-4.343388897462354 -9.987734268583552
-4.344372621906474 -9.970911623374313
-4.345354123142127 -9.977501155988561
-4.346333411195522 -9.976912796918397
-4.347310496025192 -9.983864097744922
-4.348285387522612 -9.976425237046003
-4.34925809551279 -10.03203687086562
-4.350228629754866 -9.995401172218834
-4.351196999942697 -9.967520847388014
-4.352163215705444 -9.928377135774657
-4.353127286608135 -9.978825818976837
-4.354089222152247 -9.979828763597173
-4.355049031776256 -9.973060411591302
-4.3560067248562 -10.00428602320508
-4.356962310706225 -9.953337335373899
-4.35791579857913 -9.977842366627499
-4.358867197666904 -9.950862625208424
-4.35981651710126 -10.01455241889399
-4.360763765954155 -10.01894951574724
-4.361708953238316 -9.980260031068415
-4.362652087907755 -10.00969249542377
-4.36359317885827 -9.988614274935761
-4.364532234927959 -9.990525875964028
-4.365469264897712 -10.00182153598674
-4.3664042774917 -10.06356244808821
-4.367337281377873 -10.08084380304434
-4.368268285168433 -10.00688212724019
-4.369197297420316 -9.977958301848767
-4.370124326635658 -10.01325228894355
-4.371049381262269 -10.050171247593
-4.371972469694093 -10.01462746375918
-4.372893600271661 -10.00309027130424
-4.373812781282546 -10.01171028055941
-4.374730020961813 -10.1333153988542
-4.375645327492456 -10.08527912167622
-4.37655870900584 -10.01081018753397
-4.377470173582134 -10.00356812844847
-4.37837972925074 -10.0595082736718
-4.379287383990714 -10.06888006690103
-4.380193145731191 -10.09460113677708
-4.381097022351799 -10.02601547390693
-4.381999021683067 -10.00326293886283
-4.382899151506837 -9.985549367991187
-4.383797419556664 -9.99563190407113
-4.384693833518213 -10.03429448271873
-4.38558840102966 -10.08021320482865
-4.386481129682074 -10.07387704880266
-4.38737202701981 -10.07124920698479
-4.388261100540889 -10.0000281715584
-4.389148357697377 -10.0747003219597
-4.39003380589576 -10.02061935812181
-4.390917452497312 -10.08819785849593
-4.391799304818467 -10.09729105353311
-4.392679370131183 -10.06398154766156
-4.393557655663294 -10.06747737742676
-4.394434168598875 -10.1716562215645
-4.395308916078588 -10.09334727702563
-4.396181905200037 -10.13678649622544
-4.397053143018109 -10.1846337705024
-4.397922636545316 -10.06970523497879
-4.398790392752139 -10.07486785655392
-4.399656418567356 -10.09498499209828
-4.400520720878379 -10.04001471624883
-4.401383306531581 -10.08283825025007
-4.40224418233262 -10.09965430587106
-4.403103355046766 -10.1193070563608
-4.403960831399213 -10.20163179434703
-4.404816618075402 -10.08042755772728
-4.405670721721326 -10.06624091759592
-4.406523148943849 -10.08350452219896
-4.407373906311004 -10.11883960617228
-4.408223000352301 -10.08215989068189
-4.409070437559028 -9.984707428222425
-4.409916224384546 -10.0575251519818
-4.410760367244587 -10.01287068115305
-4.411602872517545 -10.12354972121499
-4.412443746544762 -10.08844456024267
-4.41328299563082 -10.07551138903776
-4.414120626043821 -10.01602276552762
-4.414956644015667 -10.09411670406347
-4.415791055742342 -10.05226943745187
-4.416623867384184 -10.10953019796303
-4.41745508506616 -10.06918105179805
-4.418284714878136 -10.15278522605213
-4.419112762875142 -10.07517330809704
-4.419939235077641 -10.10701155902424
-4.420764137471791 -10.07449135229855
-4.421587476009702 -10.05362951095624
-4.422409256609699 -10.13308115464752
-4.423229485156568 -10.0415586175685
-4.424048167501823 -10.14569817072135
-4.424865309463941 -10.189343050896
-4.425680916828624 -10.12358945462313
-4.426494995349033 -10.09267051917081
-4.427307550746042 -10.12569442616459
-4.428118588708467 -10.18620625343161
-4.428928114893321 -10.21632702812514
-4.429736134926033 -10.170841221715
-4.430542654400698 -10.08315607636474
-4.431347678880298 -10.04315329007127
-4.432151213896942 -10.16627430140335
-4.432953264952085 -10.06094838484321
-4.433753837516757 -10.14789200525475
-4.434552937031793 -10.09862715801039
-4.435350568908045 -10.16839327945596
-4.43614673852661 -10.28212799662868
-4.436941451239042 -10.16502386377265
-4.437734712367571 -10.1227519775359
-4.438526527205319 -10.16652291133313
-4.439316901016504 -10.11456558436805
-4.44010583903666 -10.21302181085282
-4.440893346472835 -10.19366504730053
-4.441679428503809 -10.08235101847092
-4.442464090280285 -10.1948418716364
-4.443247336925102 -10.22033615131556
-4.444029173533431 -10.0976250718
-4.444809605172975 -10.13171392309441
-4.445588636884166 -10.25580872505622
-4.44636627368036 -10.17855069981865
-4.447142520548028 -10.22317548300768
-4.447917382446956 -10.1441122743389
-4.448690864310427 -10.16000623107112
-4.449462971045411 -10.13144986775372
-4.450233707532753 -10.25033369657295
-4.451003078627362 -10.24229160216599
-4.451771089158385 -10.18122429764874
-4.452537743929398 -10.20719855099255
-4.453303047718583 -10.2041947849752
-4.454067005278905 -10.16515925400294
-4.454829621338289 -10.27588888014843
-4.455590900599803 -10.18972723279404
-4.456350847741818 -10.23103846538316
-4.457109467418195 -10.16600710719612
-4.457866764258446 -10.16565286894548
-4.458622742867909 -10.20724478198036
-4.459377407827914 -10.37355993816594
-4.46013076369595 -10.17106422016855
-4.460882815005827 -10.27707589054625
-4.461633566267848 -10.21772894065625
-4.462383021968959 -10.24322169568779
-4.463131186572924 -10.29961086220602
-4.463878064520472 -10.19869167657584
-4.464623660229463 -10.23653713972988
-4.465367978095041 -10.18364612472006
-4.466111022489792 -10.22954514267861
-4.466852797763896 -10.22016000835207
-4.467593308245282 -10.36080101029933
-4.468332558239775 -10.18559298775854
-4.469070552031253 -10.14141891986235
-4.46980729388179 -10.26049505750831
-4.470542788031808 -10.16700710112227
-4.471277038700218 -10.17101882498371
-4.472010050084573 -10.15557023471605
-4.472741826361205 -10.24135425046039
-4.473472371685371 -10.20303546923777
-4.474201690191394 -10.25867357886221
-4.474929785992802 -10.16595623169421
-4.475656663182472 -10.24249928801473
-4.476382325832763 -10.18554567874983
-4.477106777995652 -10.13601684368953
-4.477830023702876 -10.25914355669406
-4.478552066966061 -10.21033904480346
-4.479272911776857 -10.21636392528778
-4.479992562107072 -10.22715425315501
-4.480711021908802 -10.30536374217286
-4.481428295114561 -10.23622719409053
-4.482144385637411 -10.1674053339513
-4.482859297371087 -10.17324878807956
-4.483573034190131 -10.34767446522733
-4.48428559995001 -10.39681016702791
-4.484996998487248 -10.24833212293096
-4.485707233619542 -10.14247859429746
-4.486416309145892 -10.23162490649144
-4.487124228846722 -10.2644623850285
-4.487830996483996 -10.18537422678126
-4.488536615801344 -10.23410342144696
-4.489241090524176 -10.30796013235615
-4.489944424359803 -10.10856549985729
-4.490646620997555 -10.24476245485815
-4.491347684108892 -10.34494627885939
-4.492047617347525 -10.15935750817002
-4.492746424349529 -10.45370864634055
-4.493444108733453 -10.26948875255498
-4.494140674100433 -10.23434981958399
-4.494836124034309 -10.13782928489197
-4.495530462101731 -10.3779944838061
-4.496223691852267 -10.3308733475244
-4.496915816818515 -10.4787827952901
-4.497606840516214 -10.43499210540238
-4.498296766444343 -10.22331777677534
-4.498985598085234 -10.35896019414007
-4.499673338904676 -10.41058098005855
-4.500359992352017 -10.14493681008484
-4.501045561860272 -10.42521717159003
-4.50173005084622 -10.2390819719118
-4.502413462710515 -10.4564153856198
-4.503095800837778 -10.22995718816876
-4.503777068596706 -10.25603688880868
-4.504457269340162 -10.22850347561867
-4.505136406405284 -10.23851377182633
-4.505814483113578 -10.20928929785854
-4.506491502771016 -10.21816059744827
-4.507167468668134 -10.23177369603624
-4.507842384080124 -10.27772293447721
-4.508516252266936 -10.20786374091101
-4.509189076473367 -10.25649662243242
-4.509860859929156 -10.31302643026183
-4.510531605849078 -10.2963941953733
-4.511201317433035 -10.37637417522731
-4.511869997866151 -10.26838577644711
-4.512537650318858 -10.28829976046418
-4.513204277946988 -10.25764307242243
-4.513869883891864 -10.36121951138116
-4.514534471280389 -10.34284894209953
-4.515198043225131 -10.33765971913066
-4.515860602824412 -10.33939118248151
-4.516522153162396 -10.55817550923213
-4.517182697309177 -10.59229677511638
-4.517842238320856 -10.27515551366442
-4.518500779239638 -10.34603271668723
-4.519158323093905 -10.46929077983991
-4.519814872898306 -10.22293413363709
-4.520470431653839 -10.16452885009035
-4.521125002347933 -10.17848851558834
-4.521778587954529 -10.32998851815872
-4.522431191434158 -10.31460303478837
-4.523082815734031 -10.47932837729848
-4.523733463788108 -10.41569320014997
-4.524383138517184 -10.24289724377051
-4.525031842828963 -10.26041908303145
-4.525679579618144 -10.07866454165709
-4.526326351766489 -10.41371682880389
-4.526972162142903 -10.40887824294261
-4.527617013603518 -10.33290053435054
-4.528260908991754 -10.33549696155313
-4.528903851138409 -10.08383277840199
-4.529545842861724 -10.54009608129732
-4.530186886967461 -10.27000784675714
-4.530826986248976 -10.50672038900246
-4.531466143487293 -10.40088146697262
-4.532104361451173 -10.26706526787484
-4.53274164289719 -10.45703471832984
-4.533377990569801 -10.60831309741929
-4.534013407201416 -10.26705679600688
-4.534647895512471 -10.51960194216208
-4.535281458211492 -10.76237508044418
-4.535914097995172 -10.27805893720994
-4.536545817548435 -10.56742248778843
-4.537176619544507 -10.40592953995249
-4.53780650664498 -10.80077033434967
-4.538435481499883 -10.22182139193281
-4.539063546747749 -10.43639969783798
-4.539690705015678 -10.20244025497431
-4.540316958919408 -10.32802410041885
-4.540942311063374 -10.33029993758669
-4.54156676404078 -10.30280117877952
-4.542190320433657 -10.9191440214451
-4.542812982812933 -10.40286598462892
-4.543434753738492 -10.31741486816043
-4.54405563575924 -10.37500622367962
-4.544675631413166 -10.41413765894387
-4.545294743227404 -10.22298086194256
-4.545912973718297 -10.19396300529795
-4.546530325391456 -10.2310889470124
-4.547146800741823 -10.31414411181411
-4.54776240225373 -10.48594783989407
-4.548377132400958 -10.39399695191243
-4.548990993646801 -10.52930096932147
-4.549603988444122 -10.16806548951605
-4.550216119235408 -10.12844205103081
-4.550827388452839 -10.29449257261571
-4.551437798518334 -10.43148286310469
-4.552047351843618 -10.68471273165165
-4.552656050830272 -10.3652563214386
-4.553263897869797 -10.31776399781991
-4.553870895343662 -10.56586085921606
-4.554477045623369 -10.31574872746395
-4.5550823510705 -10.41364183504488
-4.55568681403678 -10.46164508949464
-4.556290436864124 -10.21450827868622
-4.556893221884699 -10.28197891623804
-4.557495171420972 -10.52574254004675
-4.558096287785768 -10.33717945562753
-4.558696573282321 -10.45118249738332
-4.559296030204329 -10.20314244817989
-4.559894660836002 -10.41153667830154
-4.560492467452119 -10.58602491420141
-4.561089452318078 -11.10161903277499
-4.56168561768995 -10.38054055199567
-4.562280965814523 -10.46856401844375
-4.562875498929362 -10.53403006245618
-4.563469219262854 -10.58696459551233
-4.564062129034257 -10.76345327196091
-4.564654230453757 -10.51403842027763
-4.565245525722506 -10.29381248757587
-4.565836017032682 -10.39208635370453
-4.566425706567533 -10.31373035347196
-4.567014596501425 -10.42887782907912
-4.567602688999889 -10.09288334826893
-4.568189986219674 -10.37623712868064
-4.56877649030879 -10.22374857008877
-4.569362203406555 -10.13841743235532
-4.569947127643642 -10.42985880567398
-4.570531265142131 -10.53703836676918
-4.571114618015548 -10.34589743153366
-4.571697188368912 -10.39424847007182
-4.572278978298784 -10.43583966465992
-4.572859989893312 -10.31400797012097
-4.573440225232273 -10.33535656915618
-4.574019686387116 -10.4322505364811
-4.574598375421016 -10.30264095993102
-4.575176294388906 -10.64159412099016
-4.575753445337528 -10.6514866314797
-4.576329830305478 -10.40462513228812
-4.57690545132324 -10.51761417889434
-4.57748031041324 -10.52926590088235
-4.578054409589882 -10.46924816260515
-4.57862775085959 -10.32744726393867
-4.579200336220856 -10.78883589978197
-4.579772167664273 -10.31327929459613
-4.580343247172586 -10.31439464453442
-4.580913576720727 -10.80865100405945
-4.581483158275855 -10.33939855621523
-4.582051993797402 -10.30795229371575
-4.582620085237112 -10.64286133199535
-4.583187434539076 -10.63921252611465
-4.583754043639778 -10.75128213462157
-4.584319914468133 -10.32737245951824
-4.584885048945525 -10.23910747478454
-4.585449448985846 -10.44341254446342
-4.58601311649554 -10.45409875042334
-4.586576053373631 -10.54145562293577
-4.587138261511774 -10.6334544612313
-4.587699742794285 -10.53417190090469
-4.58826049909818 -10.68599307912185
-4.588820532293213 -10.53018677422511
-4.589379844241917 -10.30138690751138
-4.589938436799636 -10.75793974123684
-4.590496311814564 -10.34618944347898
-4.591053471127784 -10.59200740411812
-4.5916099165733 -10.94399939142071
-4.592165649978075 -10.29701814030819
-4.592720673162071 -10.34917104645285
-4.593274987938277 -10.80110418014194
-4.593828596112751 -10.3454875556303
-4.594381499484654 -11.07916095971095
-4.594933699846282 -10.33653225514649
-4.595485198983103 -10.54053693211304
-4.596035998673795 -10.52600794781268
-4.596586100690273 -10.4490016469675
-4.59713550679773 -10.72692605208131
-4.597684218754666 -10.80339312058907
-4.598232238312927 -10.45792022343805
-4.598779567217732 -10.60124586224588
-4.599326207207714 -10.50002310011403
-4.599872160014945 -10.54150804648217
-4.600417427364976 -10.51641185953337
-4.600962010976867 -10.46252536829945
-4.601505912563215 -10.60094469748486
-4.602049133830196 -10.43990258755849
-4.602591676477587 -10.59914351833563
-4.603133542198807 -10.44090681854098
-4.603674732680942 -11.12394337047848
-4.604215249604777 -10.36797996379743
-4.604755094644832 -10.35791132068692
-4.605294269469391 -10.35515540982133
-4.605832775740528 -10.40813903388137
-4.606370615114146 -10.60325833755555
-4.606907789240003 -10.5703259844682
-4.607444299761739 -10.48667695155286
-4.607980148316915 -10.84591652455831
-4.608515336537035 -10.31770988187569
-4.609049866047581 -10.40479164286843
-4.609583738468038 -10.41416643785946
-4.610116955411928 -10.33119625593318
-4.610649518486835 -10.33399934976549
-4.611181429294439 -10.362630214341
-4.611712689430539 -10.50919576026598
-4.612243300485089 -10.81056617347885
-4.612773264042217 -10.29776021118091
-4.613302581680263 -10.60526560957773
-4.613831254971802 -10.41917411534688
-4.614359285483673 -10.93185630399633
-4.614886674777004 -10.43408658656078
-4.615413424407249 -10.83133038155408
-4.615939535924203 -10.55017772904233
-4.616465010872037 -11.02248272310561
-4.616989850789326 -10.65129217319558
-4.617514057209073 -10.43958339511353
-4.618037631658733 -11.09912513189657
-4.618560575660246 -10.27152696428521
-4.619082890730063 -10.35694887446894
-4.619604578379167 -10.51287735735579
-4.620125640113102 -10.64668102776878
-4.620646077432001 -10.41346002893962
-4.621165891830612 -10.79564559257572
-4.621685084798319 -10.52048894288017
-4.622203657819171 -10.36126659030444
-4.622721612371911 -10.27451182715529
-4.623238949929992 -10.5086541352627
-4.623755671961612 -10.30497991293247
-4.624271779929733 -11.39727960943597
-4.624787275292107 -10.36711565562603
-4.625302159501303 -10.47560901678451
-4.625816434004728 -10.3379546417165
-4.626330100244653 -10.51998733736242
-4.626843159658239 -10.40293609195828
-4.627355613677558 -10.28970063673323
-4.627867463729622 -10.34997335166567
-4.628378711236398 -10.32934833527049
-4.628889357614841 -10.28136144708336
-4.629399404276913 -10.45884290161982
-4.629908852629606 -11.17163367138302
-4.630417704074968 -10.41144402920968
-4.630925960010122 -10.659618446951
-4.631433621827296 -10.91043920694771
-4.631940690913836 -10.90679814675667
-4.632447168652237 -10.3519270708099
-4.632953056420164 -10.457066485094
-4.633458355590472 -10.70056524033138
-4.633963067531229 -10.57397699176575
-4.634467193605738 -10.77484557634543
-4.634970735172564 -10.43120883665502
-4.635473693585547 -10.60905480220231
-4.635976070193833 -10.43476833680444
-4.636477866341889 -11.10908864384754
-4.636979083369527 -10.73149378231485
-4.637479722611926 -10.76941038711947
-4.637979785399654 -10.44782572658542
-4.638479273058686 -10.92241237682387
-4.63897818691043 -10.72612139787917
-4.639476528271741 -10.32673663005678
-4.639974298454951 -10.97366535286697
-4.640471498767881 -10.42274313589294
-4.640968130513867 -10.65752118054729
-4.641464194991778 -10.39169763604234
-4.641959693496038 -10.605940334799
-4.642454627316646 -10.49559632295835
-4.642948997739193 -10.31711855362587
-4.643442806044889 -11.34726344589027
-4.643936053510575 -10.54973639107704
-4.644428741408746 -10.55639099911129
-4.644920871007576 -11.14318234853314
-4.645412443570929 -10.70535471340841
-4.64590346035838 -10.51242211542616
-4.646393922625243 -10.70064267732392
-4.646883831622578 -10.41366933125292
-4.647373188597217 -10.36306661218588
-4.647861994791786 -10.35354667467919
-4.648350251444714 -10.39582601657225
-4.648837959790263 -10.43940697773455
-4.649325121058538 -10.46102577263139
-4.64981173647551 -11.16405831771001
-4.650297807263036 -10.51956525568783
-4.650783334638871 -10.33312682401006
-4.651268319816693 -10.71032997202166
-4.651752764006117 -10.47962506628284
-4.652236668412717 -10.47181620011627
-4.652720034238039 -10.95683980547478
-4.653202862679622 -10.41413390531286
-4.653685154931017 -10.68420910444186
-4.654166912181801 -10.30213117006689
-4.654648135617599 -10.35987465772784
-4.655128826420096 -10.24945462488633
-4.655608985767061 -10.52647361233274
-4.656088614832357 -10.54932026798242
-4.656567714785965 -10.32640679564601
-4.657046286793999 -10.59193674017294
-4.657524332018719 -10.80117662349715
-4.658001851618553 -10.44523130632481
-4.658478846748112 -10.9514535720532
-4.658955318558207 -10.29858840842825
-4.659431268195865 -10.30749544749163
-4.659906696804346 -10.54508270094933
-4.660381605523159 -10.72767295855101
-4.660855995488079 -10.2903380829616
-4.661329867831165 -10.6133274146779
-4.661803223680772 -10.59652732031423
-4.662276064161571 -10.52117679617329
-4.662748390394562 -10.59235995338383
-4.663220203497093 -11.05769444905847
-4.663691504582873 -10.57527971911876
-4.664162294761991 -10.61975416866465
-4.664632575140928 -10.7740646366881
-4.665102346822574 -11.16746949634165
-4.665571610906247 -10.40546874935704
-4.666040368487702 -10.54742159435864
-4.666508620659151 -10.48340371118046
-4.666976368509276 -10.59437942027864
-4.667443613123249 -10.67182948438991
-4.667910355582737 -10.27479859921065
-4.668376596965928 -10.5987399622981
-4.668842338347539 -10.18703357265554
-4.669307580798836 -10.45507176548475
-4.669772325387642 -10.17023570125846
-4.670236573178357 -10.47694767453516
-4.670700325231974 -10.36786016175827
-4.671163582606086 -10.57445091692559
-4.671626346354908 -10.45318745495753
-4.67208861752929 -10.44349955341707
-4.672550397176725 -10.72406357681642
-4.673011686341374 -10.33109186567429
-4.67347248606407 -10.3422584509769
-4.673932797382339 -10.58847606599936
-4.67439262133041 -10.43231478800576
-4.674851958939232 -10.31579362042264
-4.675310811236484 -10.34471321457599
-4.675769179246593 -10.59017199141433
-4.676227063990744 -10.02113918127038
-4.676684466486899 -10.53258463531457
-4.677141387749801 -10.69089808706956
-4.677597828791 -10.68030834938796
-4.678053790618855 -10.20740837818304
-4.678509274238555 -10.54878851864395
-4.678964280652131 -10.21364157282229
-4.679418810858462 -10.5207663525916
-4.679872865853301 -10.78641355946345
-4.680326446629275 -10.68728073253876
-4.680779554175909 -10.43663287396694
-4.681232189479632 -10.55391624681338
-4.68168435352379 -10.63027438385888
-4.682136047288666 -10.293914930509
-4.682587271751482 -10.74639035305721
-4.68303802788642 -10.2682574346707
-4.683488316664632 -10.60929006226807
-4.68393813905425 -10.73296039468463
-4.684387496020403 -10.58285157913818
-4.684836388525229 -10.32393412828943
-4.685284817527881 -10.39681317273198
-4.685732783984547 -10.44831479890403
-4.68618028884846 -10.34588513497277
-4.686627333069906 -10.45350858830021
-4.687073917596243 -10.36063173158959
-4.687520043371906 -10.45843258040012
-4.687965711338427 -10.39639738095115
-4.688410922434438 -10.37793289354979
-4.688855677595689 -10.61200327280499
-4.68929997775506 -10.80560789022638
-4.689743823842567 -10.59599445992788
-4.690187216785381 -10.04129049075415
-4.690630157507832 -10.20575001519158
-4.69107264693143 -10.18880241526735
-4.691514685974869 -11.07490910575281
-4.691956275554037 -10.64905784057865
-4.692397416582036 -10.42453229789193
-4.692838109969186 -10.40206695149777
-4.693278356623039 -10.0692248745056
-4.693718157448391 -10.29593361486299
-4.694157513347289 -10.53190638491428
-4.694596425219048 -10.41394814111583
-4.695034893960258 -10.98707455448978
-4.695472920464796 -10.66262406413134
-4.695910505623837 -10.57293148406045
-4.696347650325865 -10.70369425625263
-4.696784355456685 -10.18203300651374
-4.697220621899429 -10.48480603270151
-4.697656450534576 -10.9925663028203
-4.69809184223995 -10.36036245996196
-4.698526797890745 -10.73053606851632
-4.698961318359521 -10.50330621030134
-4.699395404516225 -10.86224903619616
-4.699829057228199 -10.66457743091146
-4.700262277360188 -10.60175918941977
-4.70069506577435 -10.75667271347688
-4.701127423330272 -10.442736476794
-4.701559350884973 -10.64850802453303
-4.70199084929292 -10.31389471685506
-4.702421919406032 -10.53687567048549
-4.702852562073699 -10.75597116673111
-4.703282778142782 -10.48803056393621
-4.70371256845763 -10.53207215462592
-4.704141933860088 -10.53412530351431
-4.704570875189504 -10.56542900375064
-4.704999393282745 -10.41154787214749
-4.705427488974202 -10.38328747920437
-4.705855163095799 -10.52598852223145
-4.706282416477007 -10.14616069167339
-4.706709249944851 -10.17272745023158
-4.707135664323919 -10.56724088337644
-4.707561660436372 -10.3890158322058
-4.707987239101958 -10.34118774879769
-4.708412401138012 -10.7238305668588
-4.708837147359474 -10.2146706823585
-4.709261478578895 -10.41842350590864
-4.709685395606446 -10.64093553282764
-4.710108899249929 -10.65266388111381
-4.710531990314783 -10.49770168277376
-4.710954669604097 -10.37435953715322
-4.711376937918617 -10.4535037935192
-4.711798796056756 -10.89227107453223
-4.712220244814602 -10.44962915840079
-4.712641284985928 -10.52458005732012
-4.713061917362199 -10.65781711630895
-4.713482142732587 -10.26648332281575
-4.713901961883969 -10.51062231057143
-4.714321375600948 -10.62478626415934
-4.714740384665851 -10.84065309938913
-4.715158989858748 -10.48468311184226
-4.715577191957452 -10.37076495236289
-4.715994991737532 -10.27390714127998
-4.716412389972321 -10.44899825747637
-4.716829387432925 -10.7756264846941
-4.717245984888228 -10.57208104590796
-4.717662183104909 -10.57583948868555
-4.718077982847438 -10.25481923080258
-4.718493384878098 -10.71126146164144
-4.718908389956982 -10.78194597986329
-4.719322998842009 -10.59094019067268
-4.719737212288928 -10.60244392738442
-4.720151031051326 -10.407717809352
-4.720564455880642 -10.53538601834716
-4.720977487526168 -10.74232224164207
-4.721390126735061 -10.65392799515597
-4.721802374252349 -10.3122588234608
-4.722214230820944 -10.11476995255799
-4.722625697181642 -10.3524396721063
-4.723036774073138 -10.83732676267696
-4.723447462232032 -10.70118633479945
-4.723857762392835 -10.44982811612256
-4.724267675287976 -10.79944966498729
-4.724677201647817 -10.79333859390777
-4.725086342200653 -10.67925249699067
-4.725495097672721 -10.60945531061911
-4.725903468788212 -10.34560882150111
-4.726311456269276 -10.40872066182515
-4.726719060836028 -10.74103217149182
-4.727126283206558 -10.32847225407838
-4.727533124096939 -10.49607051863315
-4.727939584221232 -10.51792630301183
-4.728345664291494 -10.40880655189419
-4.728751365017791 -10.35930799286587
-4.729156687108195 -10.29277566539305
-4.729561631268802 -11.02585347848955
-4.729966198203734 -10.60106109743973
-4.730370388615142 -11.17095949669876
-4.730774203203227 -10.04528064228145
-4.731177642666231 -10.63209240921967
-4.731580707700456 -10.42953815709994
-4.731983399000265 -10.56010481807816
-4.732385717258095 -10.77573363684121
-4.732787663164454 -10.15013104087195
-4.733189237407942 -10.77001118544248
-4.733590440675244 -11.09574590780773
-4.733991273651148 -11.02659869688857
-4.734391737018545 -10.14780763026956
-4.734791831458442 -10.55528301816974
-4.735191557649962 -10.69601713368389
-4.735590916270356 -10.85344267050808
-4.735989907995008 -10.70127721255274
-4.736388533497444 -10.22597508398326
-4.736786793449335 -10.35730110301522
-4.737184688520506 -10.56555488030035
-4.737582219378944 -10.74586900720209
-4.737979386690803 -10.80034158952681
-4.73837619112041 -10.63706337124913
-4.738772633330273 -10.46342565523517
-4.739168713981088 -10.91769152016204
-4.739564433731744 -10.6119973528813
-4.739959793239334 -10.40778315563553
-4.740354793159152 -10.76850402520773
-4.74074943414471 -10.88720084574428
-4.741143716847739 -10.65616738257657
-4.741537641918198 -10.70849021452022
-4.741931210004275 -10.47018599738927
-4.742324421752402 -10.29998636587073
-4.742717277807254 -10.67881326703529
-4.743109778811759 -10.68641796928572
-4.743501925407101 -10.73025097933135
-4.743893718232735 -10.73032612104387
-4.744285157926378 -10.5950806053957
-4.744676245124033 -10.50268288452756
-4.74506698045998 -10.44626546384743
-4.745457364566793 -10.43994640358356
-4.745847398075337 -10.50594373021575
-4.746237081614781 -10.3210889962246
-4.746626415812606 -10.36063947492702
-4.7470154012946 -10.32538156322252
-4.747404038684875 -10.82604511471229
-4.747792328605869 -10.32814469194808
-4.748180271678351 -11.01765902378729
-4.748567868521427 -10.51583942122475
-4.748955119752549 -10.32263488985986
-4.749342025987517 -10.37198331044877
-4.749728587840488 -10.1948641492962
-4.750114805923981 -10.91335503901957
-4.750500680848879 -10.34927610290505
-4.750886213224441 -10.73425739819627
-4.751271403658306 -10.48731916928332
-4.751656252756493 -10.64533871140901
-4.752040761123416 -10.52525745736267
-4.752424929361883 -10.47816176818611
-4.752808758073104 -10.68358039061025
-4.753192247856696 -10.47037964683934
-4.75357539931069 -10.47500654288682
-4.753958213031534 -10.88421568654536
-4.7543406896141 -10.58379643181761
-4.754722829651694 -10.28932406193727
-4.755104633736051 -10.64684777304578
-4.755486102457351 -10.36360980315694
-4.755867236404218 -10.99539330038856
-4.75624803616373 -10.17532814660575
-4.756628502321419 -11.01523528121233
-4.757008635461283 -10.54938859759602
-4.757388436165782 -10.20048770644602
-4.757767905015857 -10.34064968841736
-4.758147042590922 -10.5746690600715
-4.758525849468877 -10.79953322888355
-4.758904326226109 -10.24941309410143
-4.759282473437503 -10.0919533996639
-4.759660291676441 -10.15966311944041
-4.760037781514809 -10.26441363271391
-4.760414943523006 -10.75769542327972
-4.760791778269945 -10.70092592391762
-4.761168286323056 -10.36633039188315
-4.761544468248302 -10.84941522886445
-4.761920324610169 -10.52720591734917
-4.762295855971683 -11.14244546122062
-4.762671062894408 -10.70901048276509
-4.763045945938457 -10.50481217345245
-4.763420505662491 -10.6929843603263
-4.763794742623729 -10.26359496871408
-4.764168657377948 -10.38112287277428
-4.764542250479494 -10.54752959935886
-4.76491552248128 -10.5087062450785
-4.765288473934798 -10.97390025539683
-4.765661105390119 -10.66289243671978
-4.766033417395898 -10.45057859231408
-4.766405410499382 -10.73389081588491
-4.766777085246413 -10.73852420283966
-4.767148442181431 -10.34806975397732
-4.767519481847482 -10.14419324624218
-4.767890204786221 -10.62644062824842
-4.768260611537919 -10.61863266771281
-4.76863070264146 -10.96687659327114
-4.76900047863436 -10.64866903137434
-4.769369940052756 -10.29436007896314
-4.76973908743142 -10.45081338232852
-4.770107921303762 -10.35629674432497
-4.770476442201836 -10.91236384206771
-4.770844650656341 -10.87537957214297
-4.771212547196624 -11.04093218600619
-4.771580132350694 -11.17467236589316
-4.771947406645216 -10.60451143128151
-4.772314370605522 -10.3779087203221
-4.772681024755612 -10.57375016106294
-4.773047369618162 -10.6927109971242
-4.773413405714524 -10.26433431109895
-4.773779133564735 -10.70195515447861
-4.774144553687519 -10.88654684083076
-4.77450966660029 -11.13507462406331
-4.774874472819159 -10.40287909079126
-4.775238972858938 -10.3440121095997
-4.775603167233145 -10.94658183473068
-4.775967056454005 -10.48873124018254
-4.776330641032456 -10.76288730663181
-4.776693921478157 -10.98865466992201
-4.777056898299486 -10.36763695691872
-4.77741957200355 -10.54837159795554
-4.777781943096183 -10.70698961751253
-4.77814401208196 -10.38214338084354
-4.778505779464187 -10.41667061009199
-4.778867245744919 -9.995119544891306
-4.779228411424957 -10.86506615800381
-4.779589277003854 -11.06847992468211
-4.779949842979917 -10.3220864189128
-4.780310109850217 -11.04901244078643
-4.780670078110583 -10.35799047561071
-4.781029748255617 -10.64935021371627
-4.781389120778691 -10.70982542414573
-4.781748196171954 -10.7208812142223
-4.782106974926335 -10.85490395072055
-4.782465457531546 -10.38490868540207
-4.782823644476091 -10.32728639913896
-4.783181536247262 -10.91845612507799
-4.78353913333115 -10.74354135024092
-4.783896436212645 -10.81736071058358
-4.784253445375443 -10.84567143403381
-4.784610161302045 -10.59583472921891
-4.784966584473767 -10.82108758680397
-4.785322715370738 -10.36841557923231
-4.785678554471912 -10.42072496718335
-4.786034102255059 -10.58982683832292
-4.786389359196785 -10.70551866137276
-4.786744325772521 -10.39497875741188
-4.787099002456534 -10.24044219242858
-4.787453389721934 -10.62920958842961
-4.787807488040669 -10.84818042027873
-4.788161297883537 -10.94960456245445
-4.788514819720183 -10.66896045977686
-4.788868054019111 -10.50888595523501
-4.789221001247678 -10.25856731361321
-4.789573661872103 -10.34032469109539
-4.789926036357473 -10.21949091624655
-4.790278125167742 -10.84438739431392
-4.790629928765735 -10.8941393593387
-4.790981447613158 -10.51294254309393
-4.791332682170591 -10.91709952728008
-4.791683632897501 -10.35180565397017
-4.792034300252241 -11.12931948108718
-4.792384684692055 -11.04041459744092
-4.792734786673081 -10.68344777841035
-4.793084606650353 -10.48269105813351
-4.793434145077811 -10.27595668700272
-4.793783402408294 -10.55191578903671
-4.794132379093553 -10.78162070332459
-4.794481075584251 -10.69754390236809
-4.794829492329963 -10.17022606831094
-4.795177629779189 -10.5670549065968
-4.795525488379345 -10.30880017628032
-4.795873068576775 -10.23875015302669
-4.796220370816752 -10.47066030697876
-4.796567395543485 -10.18085816383377
-4.796914143200113 -10.44268903778028
-4.797260614228719 -10.62338423305547
-4.797606809070327 -10.71063199177249
-4.797952728164908 -10.71262762172893
-4.798298371951381 -10.57952269205622
-4.798643740867619 -10.7305049587821
-4.798988835350451 -10.26644681015649
-4.799333655835666 -10.90283351569624
-4.799678202758014 -10.40871510118314
-4.800022476551214 -10.26363301190939
-4.800366477647953 -10.92611612273135
-4.800710206479888 -10.67998053552343
-4.801053663477656 -10.52771756008028
-4.801396849070872 -10.67655105743565
-4.801739763688131 -10.29143653293765
-4.802082407757017 -10.01189359564252
-4.8024247817041 -10.36450621693438
-4.802766885954943 -10.20197058110411
-4.803108720934104 -10.47371367051418
-4.80345028706514 -10.39516676135129
-4.803791584770608 -10.95554844685348
-4.804132614472072 -10.53517350929792
-4.8044733765901 -10.74385401438214
-4.804813871544273 -10.1355363378853
-4.805154099753188 -10.6310984097624
-4.805494061634453 -10.3885667348827
-4.805833757604704 -10.11171759995245
-4.806173188079592 -10.47053491353727
-4.806512353473801 -10.57453960921867
-4.80685125420104 -10.2071977740432
-4.80718989067405 -10.87971667024137
-4.807528263304612 -10.18295452689169
-4.80786637250354 -10.92976763411666
-4.808204218680691 -10.58889966077352
-4.808541802244968 -10.43598108548885
-4.808879123604319 -10.44502436696821
-4.809216183165741 -10.88150591640763
-4.80955298133529 -10.32917030249597
-4.809889518518071 -10.46465518464737
-4.810225795118252 -10.72141845351206
-4.810561811539062 -10.84625819173726
-4.810897568182794 -10.20645409433554
-4.81123306545081 -10.80715770867839
-4.811568303743541 -10.65076864910758
-4.811903283460493 -10.38552501032213
-4.812238005000249 -10.35962296063973
-4.812572468760467 -10.283362759794
-4.812906675137891 -10.48179091708547
-4.813240624528349 -10.39999280708579
-4.813574317326755 -10.79319481258334
-4.813907753927115 -10.72726364139368
-4.814240934722528 -10.70097799360371
-4.814573860105186 -10.71906889825327
-4.814906530466386 -10.8996283474752
-4.815238946196521 -10.91227912820487
-4.81557110768509 -10.33126293413056
-4.815903015320698 -10.46778962534894
-4.816234669491063 -10.48421015432784
-4.816566070583012 -10.14146733438727
-4.816897218982488 -10.40338260583076
-4.817228115074553 -10.4817748339729
-4.817558759243387 -10.36476857824659
-4.817889151872296 -10.21916893579632
-4.818219293343712 -10.12303671780555
-4.818549184039192 -9.899087208604584
-4.818878824339427 -10.3485525370175
-4.819208214624241 -10.24479930716502
-4.819537355272595 -10.74669969399358
-4.819866246662589 -10.44229903166869
-4.820194889171463 -10.15281024592747
-4.820523283175604 -10.393487789984
-4.820851429050545 -10.03106883461277
-4.821179327170964 -9.988022168224136
-4.821506977910698 -10.3621809327529
-4.821834381642735 -10.34772680957577
-4.822161538739219 -10.39109741227191
-4.822488449571456 -10.24520319305451
-4.822815114509912 -10.56396725573423
-4.82314153392422 -10.44261688696168
-4.823467708183178 -10.43797309763225
-4.823793637654755 -10.44794405457434
-4.824119322706092 -10.86766785645759
-4.824444763703503 -10.27999268362905
-4.824769961012482 -11.00698452115566
-4.825094914997701 -10.05932804233827
-4.825419626023013 -10.44518829782231
-4.825744094451458 -10.20592544382248
-4.82606832064526 -10.64307960610747
-4.826392304965835 -10.71018398860259
-4.82671604777379 -10.16069501375811
-4.827039549428923 -10.23546158822707
-4.827362810290235 -10.22560975700549
-4.827685830715919 -10.48624096258924
-4.828008611063376 -10.4033581943043
-4.828331151689204 -10.72913057934112
-4.828653452949212 -10.34815143454115
-4.828975515198415 -10.37860798491418
-4.829297338791041 -10.35432222311443
-4.829618924080529 -10.1052109006286
-4.829940271419533 -10.28085852912058
-4.830261381159927 -9.977434319267749
-4.830582253652804 -10.70049507498134
-4.830902889248479 -10.26758459670425
-4.831223288296493 -10.11675774087798
-4.831543451145611 -10.48187134158358
-4.83186337814383 -10.90163817459249
-4.832183069638379 -10.52028918973938
-4.832502525975718 -10.14992261923935
-4.832821747501544 -10.28740401393516
-4.833140734560794 -10.46148320074345
-4.833459487497644 -10.87860873131915
-4.833778006655512 -10.5454634599039
-4.834096292377064 -10.54395085844099
-4.834414345004208 -10.02716499541283
-4.834732164878107 -10.06737601109291
-4.835049752339172 -10.4620864031353
-4.835367107727068 -10.22647674332704
-4.835684231380718 -10.51904958051988
-4.836001123638301 -9.945054318434527
-4.836317784837257 -10.51781747091455
-4.836634215314288 -10.30557052257152
-4.836950415405362 -10.38986631659093
-4.837266385445712 -11.03094947026704
-4.837582125769841 -10.12110224363138
-4.837897636711522 -10.45108712395571
-4.838212918603801 -10.86132572050214
-4.838527971779 -10.51174837031668
-4.838842796568719 -10.3891274408892
-4.839157393303836 -10.19719905622311
-4.839471762314511 -10.59240852203158
-4.839785903930186 -10.17653190316004
-4.840099818479592 -10.3087707251989
-4.840413506290744 -10.16296367377481
-4.84072696769095 -10.43207250831757
-4.841040203006807 -10.26526936555978
-4.841353212564209 -10.3467349511954
-4.841665996688342 -9.837256318513584
-4.841978555703691 -10.28653016290006
-4.842290889934045 -10.01356259236357
-4.842602999702489 -10.5189524120483
-4.842914885331417 -10.63970546872696
-4.843226547142523 -11.38464264254736
-4.843537985456816 -10.65829103337212
-4.843849200594609 -10.27150128673858
-4.844160192875531 -10.54122964504846
-4.844470962618521 -10.66457241959321
-4.844781510141838 -9.972553391095392
-4.845091835763056 -10.28000003351985
-4.84540193979907 -10.61456031692964
-4.845711822566094 -10.72128899862753
-4.846021484379669 -10.74020959356283
-4.84633092555466 -10.28878465476568
-4.84664014640526 -10.70699944062375
-4.846949147244991 -10.15582866642966
-4.847257928386704 -10.37949376053433
-4.847566490142589 -10.12219199999898
-4.847874832824165 -10.5083221792288
-4.848182956742292 -10.76558047863223
-4.848490862207165 -10.75651855117082
-4.848798549528324 -9.935098153872774
-4.849106019014648 -10.2244117292991
-4.849413270974363 -10.3235104337568
-4.84972030571504 -10.19912654641043
-4.850027123543597 -10.32369936874167
-4.850333724766305 -10.27882975356521
-4.850640109688784 -10.3882913687847
-4.850946278616009 -10.37177670302058
-4.851252231852309 -10.16643377732629
-4.851557969701375 -10.10054924546682
-4.85186349246625 -10.18757349468116
-4.852168800449342 -10.32608334105945
-4.852473893952421 -10.39681557731022
-4.852778773276623 -10.37651929674131
-4.853083438722448 -10.34643561335092
-4.853387890589764 -10.76238763462595
-4.85369212917781 -10.06160799772921
-4.853996154785197 -10.08434509638891
-4.854299967709906 -10.58847139286487
-4.854603568249298 -10.52343194260485
-4.854906956700108 -10.37868869743691
-4.855210133358449 -10.4037507759477
-4.855513098519816 -10.5366466708489
-4.855815852479084 -10.05004245871795
-4.856118395530514 -10.08440540884549
-4.856420727967751 -10.3108105086356
-4.856722850083828 -10.49538732784307
-4.857024762171165 -11.0508271479099
-4.857326464521575 -10.57347107789965
-4.857627957426264 -10.22857610700581
-4.857929241175827 -10.40616841078143
-4.85823031606026 -10.31869755648023
-4.858531182368953 -10.45036432962271
-4.858831840390697 -10.47030701817637
-4.859132290413682 -10.68295723270388
-4.859432532725502 -10.38828075859584
-4.859732567613152 -9.973744093471149
-4.860032395363037 -10.4022659632629
-4.860332016260966 -10.36150095310512
-4.860631430592155 -10.32269874588892
-4.860930638641237 -10.55760800292744
-4.861229640692253 -10.53448542924082
-4.861528437028655 -10.77829878160792
-4.861827027933316 -10.48312642935267
-4.862125413688521 -10.87819147769687
-4.862423594575979 -10.38446498161453
-4.862721570876814 -10.49645675135642
-4.863019342871573 -10.59325675509409
-4.863316910840229 -10.00633871688052
-4.863614275062177 -10.30864361761038
-4.86391143581624 -9.86906141214229
-4.864208393380667 -10.16168353652089
-4.86450514803314 -10.69588306335804
-4.864801700050769 -10.73325900837918
-4.8650980497101 -10.33264324719456
-4.865394197287109 -10.17666042858923
-4.86569014305721 -10.39428492540553
-4.865985887295256 -10.26991762249548
-4.866281430275538 -10.20799838016699
-4.866576772271784 -10.84418442167583
-4.866871913557168 -10.24194091022058
-4.867166854404307 -10.6269591035798
-4.867461595085262 -10.60381665066165
-4.867756135871539 -10.31983750035495
-4.868050477034094 -10.64679325312271
-4.868344618843333 -10.37237863587078
-4.868638561569111 -10.69251261943773
-4.868932305480737 -10.38267955627196
-4.869225850846972 -10.14859305285009
-4.869519197936034 -10.73209830625951
-4.869812347015598 -10.49095056689516
-4.870105298352797 -10.40731670001345
-4.870398052214223 -10.07492887238246
-4.870690608865931 -10.16390006314474
-4.870982968573435 -10.64741047624441
-4.871275131601719 -10.15538263167459
-4.871567098215226 -10.41882742171788
-4.871858868677871 -10.43296272649338
-4.872150443253036 -10.10092805528295
-4.872441822203571 -10.23586642350754
-4.872733005791801 -10.27233094342474
-4.87302399427952 -10.05316768692285
-4.873314787927998 -10.33189300552879
-4.87360538699798 -10.33603546612744
-4.873895791749689 -10.66589462661474
-4.874186002442825 -10.6159141924378
-4.874476019336568 -10.44133087414496
-4.874765842689579 -10.49996363633362
-4.875055472760004 -10.35994864908558
-4.875344909805468 -10.00874761616724
-4.875634154083085 -10.0371147200862
-4.875923205849455 -10.4854049412936
-4.876212065360664 -10.11584517446452
-4.876500732872292 -10.86636505900634
-4.876789208639403 -10.7466815309374
-4.877077492916559 -10.33678295706587
-4.877365585957813 -10.44302055111789
-4.877653488016712 -10.10090068234432
-4.8779411993463 -10.21450156256714
-4.878228720199119 -10.33436571961525
-4.878516050827209 -10.23256782777904
-4.878803191482109 -10.44320245624914
-4.879090142414862 -10.40302328468725
-4.879376903876012 -10.20809413173786
-4.879663476115606 -10.41697780114597
-4.879949859383201 -10.14826121148456
-4.880236053927853 -10.73941767722175
-4.880522059998134 -10.01797751837773
-4.880807877842119 -10.69228109544198
-4.881093507707397 -10.75190669094002
-4.881378949841067 -10.15474524911593
-4.881664204489743 -10.48300471600581
-4.881949271899553 -9.943286878572113
-4.882234152316138 -10.5754982790687
-4.882518845984659 -10.48494592510228
-4.882803353149794 -10.89452684130276
-4.88308767405574 -10.19204361520575
-4.883371808946216 -10.56410507988012
-4.883655758064461 -10.62649571237598
-4.88393952165324 -10.30925250117917
-4.884223099954839 -10.53851163048335
-4.884506493211074 -10.64968690155494
-4.884789701663283 -10.55284124391937
-4.885072725552336 -10.51896196863891
-4.88535556511863 -10.68520292977411
-4.885638220602094 -10.63263526899133
-4.885920692242189 -10.25356218323246
-4.886202980277909 -10.52941108631374
-4.88648508494778 -10.29508430086077
-4.886767006489867 -10.24143452767608
-4.88704874514177 -10.37242296201416
-4.887330301140625 -10.50242598471892
-4.88761167472311 -10.44163402471047
-4.887892866125443 -10.17398662359414
-4.888173875583382 -10.70792134551754
-4.888454703332228 -10.38338888247751
-4.888735349606828 -10.5721674551167
-4.889015814641569 -10.26647441700604
-4.88929609867039 -10.55974775003757
-4.889576201926774 -10.21498182929141
-4.889856124643753 -10.59874187626957
-4.890135867053909 -10.1599989131721
-4.890415429389375 -10.0069810913036
-4.890694811881835 -9.979212654060165
-4.890974014762529 -10.72744315284044
-4.891253038262247 -10.09687140569179
-4.891531882611339 -10.19152209096147
-4.891810548039707 -10.43623773388573
-4.892089034776816 -10.41236206482897
-4.892367343051683 -10.20367272915644
-4.892645473092892 -10.37197422673802
-4.892923425128584 -10.13193207750791
-4.893201199386462 -9.977623182423194
-4.893478796093796 -10.31923773912828
-4.893756215477417 -10.3774968311955
-4.894033457763723 -10.80168406561965
-4.894310523178677 -10.32217094868522
-4.894587411947813 -10.52829652406545
-4.894864124296232 -10.28748766344769
-4.895140660448604 -10.57885576051445
-4.895417020629171 -10.34492173988619
-4.895693205061749 -10.83599109984677
-4.895969213969724 -10.3622997333574
-4.896245047576059 -10.21346024131104
-4.896520706103291 -10.13842373232891
-4.896796189773535 -10.60497426581176
-4.897071498808481 -9.976956919073022
-4.8973466334294 -9.935590484878732
-4.897621593857142 -10.43575286165912
-4.897896380312138 -10.63349385452552
-4.8981709930144 -10.54935443144539
-4.898445432183524 -10.22552019541559
-4.89871969803869 -10.20818406402169
-4.89899379079866 -10.30889836097836
-4.899267710681787 -10.54470396556775
-4.899541457906008 -10.44859645132822
-4.89981503268885 -9.961020846627642
-4.900088435247425 -10.64897188592494
-4.900361665798441 -10.34926209390968
-4.900634724558193 -10.073664190089
-4.90090761174257 -9.971731279657465
-4.901180327567054 -10.48079197113381
-4.901452872246721 -10.09512032199258
-4.901725245996244 -10.30152156266574
-4.901997449029889 -10.22057646145568
-4.902269481561523 -10.66215647194698
-4.902541343804609 -10.26127313320286
-4.90281303597221 -10.66188412660943
-4.903084558276991 -10.39434349939883
-4.903355910931214 -10.2930922753903
-4.903627094146748 -10.72542647322247
-4.903898108135064 -10.30096149788226
-4.904168953107237 -10.31089040555169
-4.904439629273947 -10.81540358977487
-4.904710136845479 -10.25872519029754
-4.904980476031729 -10.78810045186506
-4.905250647042198 -10.34913064689097
-4.905520650085998 -10.90625286259018
-4.905790485371851 -10.073173156001
-4.906060153108089 -10.28570693595032
-4.906329653502658 -10.56362729986646
-4.906598986763115 -10.72027880024602
-4.906868153096634 -10.60747695641992
-4.907137152710001 -10.98216937607083
-4.907405985809619 -10.18207406813617
-4.907674652601508 -10.12132979464342
-4.907943153291307 -10.10181404464842
-4.908211488084273 -10.53838460744212
-4.908479657185282 -10.3823514918283
-4.908747660798833 -10.07741718544214
-4.909015499129042 -10.24444531543008
-4.909283172379653 -10.50842554816553
-4.90955068075403 -10.41914500268368
-4.909818024455165 -10.38678437390273
-4.910085203685669 -10.45529249057406
-4.910352218647786 -10.67677377094463
-4.910619069543383 -10.71920021872725
-4.910885756573958 -10.64644064247603
-4.911152279940636 -10.30047726980413
-4.911418639844171 -10.74318419987895
-4.911684836484952 -10.0539583213204
-4.911950870062994 -10.3621620608819
-4.912216740777951 -10.28475149137777
-4.912482448829104 -10.18134653288776
-4.912747994415375 -9.957173239637532
-4.913013377735316 -10.1281171545022
-4.913278598987118 -10.39973370460936
-4.913543658368608 -10.1402682441148
-4.913808556077252 -11.00460971924594
-4.914073292310155 -10.94519412084411
-4.914337867264059 -10.32631990424173
-4.91460228113535 -10.56833878890947
-4.914866534120055 -10.14843219009369
-4.915130626413841 -10.4690493374532
-4.915394558212022 -10.31011031366416
-4.915658329709552 -10.68851925818652
-4.915921941101034 -10.002035358629
-4.916185392580712 -9.970262323296662
-4.916448684342482 -10.92109765891532
-4.916711816579886 -10.73584688242846
-4.916974789486111 -10.16400204281311
-4.917237603253997 -9.910463727261606
-4.917500258076033 -10.57896272993698
-4.91776275414436 -10.32972934414458
-4.918025091650768 -9.832477151560319
-4.918287270786703 -10.33943226630668
-4.918549291743261 -9.942491052009791
-4.918811154711197 -10.38652657294126
-4.919072859880916 -10.26388789878747
-4.919334407442482 -10.23436346651915
-4.919595797585615 -10.40651559100828
-4.919857030499694 -10.29765207298358
-4.920118106373755 -10.69054917966748
-4.920379025396492 -10.50304318361626
-4.920639787756262 -10.38179597637808
-4.920900393641083 -10.79465430465446
-4.92116084323863 -11.02621440400622
-4.921421136736248 -10.13116510297868
-4.921681274320938 -10.11327973953007
-4.921941256179369 -10.43695254183316
-4.922201082497875 -10.4676537353633
-4.922460753462456 -10.02974316989885
-4.922720269258776 -10.53819892913261
-4.922979630072169 -10.44426129098797
-4.923238836087637 -10.18760208658411
-4.923497887489849 -10.02012818504373
-4.923756784463145 -10.65539855587975
-4.924015527191536 -10.4325395800573
-4.924274115858703 -10.10680402591246
-4.924532550648 -10.49564236066932
-4.924790831742455 -10.03226039083174
-4.925048959324767 -10.6601808658656
-4.925306933577311 -10.64397504146462
-4.925564754682138 -10.57999537862372
-4.925822422820972 -10.26769889671104
-4.926079938175218 -10.71691913003878
-4.926337300925955 -10.2172233649185
-4.92659451125394 -10.63416927941006
-4.926851569339613 -10.47766544027613
-4.92710847536309 -9.957161880759159
-4.927365229504169 -10.28941700142332
-4.92762183194233 -10.16383607433944
-4.927878282856732 -10.1196012941485
-4.928134582426221 -10.51502972349741
-4.928390730829324 -10.31701949352672
-4.928646728244253 -10.21765014191565
-4.928902574848904 -10.81049526361359
-4.929158270820861 -10.28806898170674
-4.929413816337392 -10.13851857455329
-4.929669211575453 -10.25895664239921
-4.92992445671169 -10.08071197789041
-4.930179551922436 -10.67390898395595
-4.930434497383712 -10.19831128446586
-4.930689293271232 -9.995936314011741
-4.9309439397604 -10.23986613812822
-4.93119843702631 -10.2975339173339
-4.931452785243752 -10.31365042880928
-4.931706984587205 -10.9275665156023
-4.931961035230843 -10.43495731855059
-4.932214937348538 -10.01218830053097
-4.932468691113851 -10.75452762454253
-4.932722296700044 -10.55259334517795
-4.932975754280074 -10.63021264489882
-4.933229064026595 -10.47107093883245
-4.93348222611196 -10.21171623448547
-4.933735240708219 -10.00528955955304
-4.933988107987124 -10.43275632580086
-4.934240828120124 -10.21787025703349
-4.934493401278371 -10.07511483733079
-4.93474582763272 -10.75340574826842
-4.934998107353725 -10.13524196947019
-4.935250240611644 -10.39537282091458
-4.935502227576441 -10.37383124896764
-4.93575406841778 -10.44102860060863
-4.936005763305035 -10.52132250490633
-4.93625731240728 -10.4537483948694
-4.936508715893301 -10.34318938299673
-4.936759973931587 -10.27080766672653
-4.937011086690337 -10.51558608031608
-4.937262054337457 -10.60586250320036
-4.937512877040564 -10.37936554307406
-4.937763554966982 -10.51935675992075
-4.938014088283747 -10.51648272503612
-4.938264477157608 -10.14378014515663
-4.938514721755022 -10.31870810245359
-4.93876482224216 -10.45252197947404
-4.939014778784906 -10.37745083431647
-4.93926459154886 -10.2907108299731
-4.939514260699332 -10.59354601440592
-4.939763786401352 -10.56133755643006
-4.940013168819661 -10.54446320077328
-4.940262408118719 -9.967278860600246
-4.940511504462703 -10.45002104954342
-4.940760458015507 -10.60351466606664
-4.941009268940744 -10.45663438009235
-4.941257937401745 -10.27482583425034
-4.94150646356156 -10.26213327474201
-4.941754847582962 -10.04858731189763
-4.942003089628443 -10.57116939694531
-4.942251189860217 -9.902391953510298
-4.942499148440218 -10.25525467769377
-4.942746965530106 -10.23188347127474
-4.942994641291263 -10.64704452928636
-4.943242175884796 -10.12545234791665
-4.943489569471534 -10.27195379423583
-4.943736822212034 -10.47220003720412
-4.943983934266578 -10.43930222237992
-4.944230905795175 -10.13459400868889
-4.944477736957561 -10.54241156393005
-4.944724427913198 -10.10221561823217
-4.94497097882128 -10.47665569824323
-4.945217389840726 -10.39336074181419
-4.945463661130188 -9.902744858995858
-4.945709792848047 -10.24280784059438
-4.945955785152415 -10.74786101434286
-4.946201638201133 -10.14369153075495
-4.94644735215178 -10.49071319814528
-4.946692927161661 -10.13716918959136
-4.946938363387819 -10.08991378346932
-4.947183660987029 -10.57859347696377
-4.947428820115801 -10.80297786134338
-4.947673840930378 -10.34272844430601
-4.947918723586743 -10.44900435857945
-4.948163468240612 -10.64545165604062
-4.948408075047438 -10.31783014868827
-4.948652544162413 -10.59232789162191
-4.948896875740466 -10.63620187964708
-4.949141069936266 -10.69666892179145
-4.949385126904219 -10.68715285100582
-4.949629046798472 -10.12589959008151
-4.949872829772913 -10.49569972595765
-4.95011647598117 -10.02546422005422
-4.950359985576613 -10.62140758690488
-4.950603358712355 -10.70250288895803
-4.95084659554125 -10.60504222854433
-4.951089696215897 -10.42225587967599
-4.951332660888637 -10.96844082176956
-4.951575489711558 -10.14641189406382
-4.951818182836491 -9.989974032524159
-4.952060740415013 -10.83527778266559
-4.952303162598448 -10.79686259665146
-4.952545449537866 -10.25905971984229
-4.952787601384084 -10.35949496019187
-4.953029618287667 -10.34216726966176
-4.953271500398929 -10.13303694089648
-4.953513247867934 -10.81732113334618
-4.953754860844493 -10.08241834112124
-4.953996339478168 -10.90377709547391
-4.954237683918273 -10.44012470072673
-4.954478894313872 -10.04451204528748
-4.95471997081378 -10.3964928817051
-4.954960913566566 -10.65372701009747
-4.955201722720552 -10.39894131454736
-4.955442398423812 -10.23002310260872
-4.955682940824174 -10.15321384767637
-4.955923350069222 -10.67759289569294
-4.956163626306292 -10.38154866365537
-4.956403769682481 -10.15423911061617
-4.956643780344636 -9.959230813301932
-4.956883658439365 -10.19221959750661
-4.95712340411303 -10.17414499728208
-4.957363017511755 -10.13290661839858
-4.957602498781418 -10.47909073603685
-4.957841848067657 -10.20024372829493
-4.958081065515871 -10.69764724001472
-4.958320151271217 -9.852274945738017
-4.958559105478614 -10.48990353816057
-4.958797928282741 -10.61256405797009
-4.959036619828037 -10.65094182794421
-4.959275180258706 -10.30731881163295
-4.959513609718711 -10.18646876490116
-4.959751908351783 -10.37960757079972
-4.959990076301411 -10.65278308233673
-4.96022811371085 -10.42999504759702
-4.960466020723124 -10.6051820710463
-4.960703797481014 -10.18430344572366
-4.960941444127073 -10.09404874097214
-4.961178960803617 -10.16785963751244
-4.961416347652731 -10.31629024651806
-4.961653604816265 -10.60715436585547
-4.961890732435836 -10.20454986372741
-4.962127730652832 -10.3516208836591
-4.962364599608407 -10.41997864968867
-4.962601339443488 -10.47918446889445
-4.962837950298765 -10.39195079794757
-4.963074432314706 -10.26733020860077
-4.963310785631544 -10.33680389905668
-4.963547010389284 -10.35977418218704
-4.963783106727705 -10.72151874411323
-4.964019074786357 -10.31560559979314
-4.964254914704561 -10.17720717703777
-4.964490626621415 -9.869079245571998
-4.964726210675787 -10.19220908909876
-4.964961667006319 -10.53027668028331
-4.965196995751431 -10.17125443111209
-4.965432197049316 -10.31991605392373
-4.965667271037942 -10.46302498610841
-4.965902217855054 -10.45501814828793
-4.966137037638173 -10.08828352345932
-4.966371730524599 -10.7357497879352
-4.966606296651406 -10.43883378457021
-4.966840736155449 -10.20727819567393
-4.96707504917336 -10.52414704289609
-4.967309235841551 -10.23158504612785
-4.967543296296212 -10.42040178627706
-4.967777230673316 -10.578894156763
-4.968011039108611 -9.920647583629849
-4.968244721737631 -10.40052723991314
-4.96847827869569 -10.22918824356442
-4.968711710117881 -10.27689158871649
-4.968945016139084 -10.31509879854837
-4.969178196893957 -10.02098025931241
-4.969411252516944 -10.06220239582465
-4.969644183142274 -9.971272514817279
-4.969876988903956 -10.00813308365028
-4.970109669935787 -10.28436154908838
-4.970342226371348 -10.19717703808528
-4.970574658344004 -10.07043698039048
-4.97080696598691 -9.894121033389595
-4.971039149433002 -10.08060921687102
-4.971271208815009 -10.14395776405374
-4.971503144265441 -9.942088304764479
-4.9717349559166 -10.1773609267996
-4.971966643900577 -10.37705316450432
-4.972198208349247 -10.31599170365326
-4.972429649394279 -10.21851452556134
-4.972660967167128 -10.0009107613451
-4.972892161799043 -10.63701111096211
-4.97312323342106 -10.17485406730228
-4.973354182164008 -10.53450193700379
-4.973585008158505 -10.13103534088689
-4.973815711534963 -10.1855959447427
-4.974046292423588 -9.86389781600324
-4.974276750954373 -9.69085525690058
-4.974507087257109 -10.01896664078495
-4.97473730146138 -10.34204219156117
-4.974967393696563 -10.31788478086541
-4.975197364091828 -10.3889485265476
-4.975427212776143 -10.20415775000105
-4.975656939878271 -10.21258932909863
-4.975886545526768 -9.932055416039143
-4.976116029849988 -10.02064236389315
-4.976345392976083 -9.890990548259067
-4.976574635033 -10.01941212895102
-4.976803756148483 -10.28115597249934
-4.977032756450076 -10.41143408148897
-4.977261636065121 -9.680096165547548
-4.977490395120757 -10.05187968554945
-4.977719033743925 -10.16118427667818
-4.977947552061362 -9.992990960268328
-4.978175950199609 -10.36846738687784
-4.978404228285004 -9.737434171412314
-4.978632386443688 -9.957595039056084
-4.978860424801603 -10.30439107720832
-4.979088343484491 -10.23585023944739
-4.9793161426179 -9.850303976441516
-4.979543822327176 -10.13410456799064
-4.979771382737471 -10.11559908477274
-4.979998823973739 -9.970800484110093
-4.980226146160739 -10.08482431373291
-4.980453349423032 -10.5004449167153
-4.980680433884986 -10.52518151014253
-4.980907399670773 -9.780859662698269
-4.981134246904371 -9.972582813353423
-4.981360975709562 -10.38714226025967
-4.981587586209935 -10.13291202043874
-4.981814078528888 -10.16501258315843
-4.982040452789624 -9.971522608004475
-4.982266709115153 -10.53144797551551
-4.982492847628293 -10.61649301339701
-4.982718868451673 -10.4121340864289
-4.982944771707724 -10.2552013076389
-4.983170557518695 -10.39587100225519
-4.983396226006637 -10.47855633675139
-4.983621777293415 -10.07226079415593
-4.983847211500702 -9.768013679403518
-4.984072528749984 -10.4093630860769
-4.984297729162554 -10.59837454832458
-4.984522812859521 -10.06458731779079
-4.984747779961804 -9.944018888138821
-4.984972630590133 -9.66158054114244
-4.985197364865051 -10.53462989344632
-4.985421982906916 -10.25457524184536
-4.985646484835897 -10.41084881068307
-4.985870870771977 -9.848592086821508
-4.986095140834954 -9.870245535403555
-4.98631929514444 -10.39739306145632
-4.986543333819863 -10.05543598919489
-4.986767256980466 -9.885714410390996
-4.986991064745305 -10.09463411102163
-4.987214757233255 -10.0821887292737
-4.987438334563006 -10.26601957306232
-4.987661796853065 -10.6523649383615
-4.987885144221758 -9.896557978522448
-4.988108376787225 -10.40016482025455
-4.988331494667427 -10.21511790257101
-4.988554497980141 -9.75371383872198
-4.988777386842965 -10.13886528965343
-4.989000161373315 -10.36166391809308
-4.989222821688426 -10.10893866722798
-4.989445367905351 -9.844133735430724
-4.989667800140968 -10.09751762687882
-4.989890118511972 -9.947311736395253
-4.990112323134878 -9.884197589934013
-4.990334414126024 -9.882089517535597
-4.990556391601571 -10.33832751731233
-4.990778255677499 -9.969422063588881
-4.991000006469613 -9.803305132160094
-4.991221644093539 -10.56925255654487
-4.991443168664725 -10.37040107208484
-4.991664580298446 -10.05480208722677
-4.991885879109796 -10.10322622484609
-4.992107065213699 -10.68773037659257
-4.992328138724899 -10.20677881239781
-4.992549099757965 -9.939543692003669
-4.992769948427294 -10.64209717790535
-4.992990684847107 -10.47130137636712
-4.99321130913145 -9.919765464053437
-4.993431821394196 -10.02961049019521
-4.993652221749046 -10.08590184575734
-4.993872510309525 -9.858838261496546
-4.994092687188989 -9.840176631806385
-4.99431275250062 -9.919087588923222
-4.994532706357425 -10.57522441640438
-4.994752548872246 -10.53590159871869
-4.994972280157747 -9.711649510813901
-4.995191900326426 -10.05121487092193
-4.995411409490607 -10.0021925842111
-4.995630807762446 -10.3070957952916
-4.995850095253927 -9.753899974377838
-4.996069272076869 -10.27838650431172
-4.996288338342915 -9.936871704378445
-4.996507294163544 -10.34490627037651
-4.996726139650066 -10.34969334701475
-4.996944874913622 -10.46675312420091
-4.997163500065184 -9.986123633361759
-4.997382015215558 -10.41699732267366
-4.997600420475383 -10.31156913543352
-4.997818715955129 -9.931630918755124
-4.998036901765103 -10.18123417766245
-4.998254978015445 -10.38498297262011
-4.998472944816124 -9.847258350788426
-4.998690802276952 -10.09756530982711
-4.998908550507569 -10.45375936062105
-4.999126189617454 -10.57162408315493
-4.999343719715919 -10.48717999084057
-4.999561140912113 -10.11639008882303
-4.999778453315021 -10.62117877238645
-4.999995657033466 -10.38178668509143
