-1.690196080028514 -8.735866710743304
-1.99563519459755 -9.957624777165966
-2.173186268412274 -10.66775620736375
-2.298853076409707 -11.17112928295884
-2.396199347095736 -11.5595168623504
-2.47567118832443 -11.88272616558332
-2.54282542695918 -12.13383019699569
-2.600972895686748 -12.39864933237249
-2.652246341003323 -12.61683109869759
-2.69810054562339 -12.76523984585181
-2.739572344450092 -13.03839911021047
-2.777426822389311 -13.12448249207638
-2.812244696800369 -13.55926337712165
-2.844477175745681 -13.46043517617256
-2.874481817699467 -13.19492192550137
-2.902546779313991 -13.46428006188984
-2.928907690243953 -13.23443046678505
-2.953759691733229 -13.43607583031312
-2.977266212427293 -13.79773786912099
-2.999565488225982 -13.52443405822098
-3.020775488193558 -12.65957275830955
-3.04099769242349 -13.02619391793429
-3.060320028688285 -12.96647692992265
-3.078819183098849 -12.85663869919685
-3.096562438374136 -12.69392223320099
-3.113609151073028 -13.05367670245333
-3.130011949671904 -13.01183784976119
-3.145817714491828 -13.04717840941642
-3.161068385471175 -12.69523484288297
-3.175801632848279 -12.80939336407682
-3.190051417759206 -12.97640925325359
-3.203848463746235 -12.76063079217182
-3.217220655644519 -12.87378296585664
-3.230193378869046 -13.02773306124131
-3.242789809478677 -12.92969381008352
-3.255031163345552 -12.82025325924232
-3.266936911159173 -13.40558650816522
-3.278524964737017 -12.87649561978459
-3.289811839117621 -12.86046817435044
-3.300812794118117 -12.62366893959577
-3.311541958401195 -12.34955422109975
-3.322012438582401 -12.71504004935053
-3.332236415491443 -12.88640390844484
-3.34222522936079 -12.69883498354796
-3.351989455435632 -13.10701711104889
-3.361538971269279 -13.18062057979079
-3.370883016777606 -12.46773441491406
-3.380030247967831 -12.71254553082145
-3.388988785124714 -12.42902671192094
-3.39776625612645 -12.38183430503678
-3.406369835469267 -12.92297935546752
-3.414806279501013 -12.49860353112368
-3.423081958297231 -12.88901005546255
-3.431202884556517 -12.68531038041911
-3.439174739843469 -12.77705327026114
-3.447002898466162 -12.46646227394355
-3.454692449239477 -12.83798202620276
-3.462248215354998 -12.31570134548593
-3.469674772551798 -12.4267022042383
-3.476976465759527 -12.25035343288222
-3.484157424365381 -12.49886958472438
-3.491221576239283 -12.57655544773367
-3.498172660636544 -12.78550341270398
-3.505014240084107 -12.36665442155465
-3.511749711344983 -12.58075862511717
-3.518382315545344 -12.20192682707003
-3.524915147539867 -12.3307205018407
-3.53135116458306 -12.48890955859273
-3.537693194367391 -12.68730068075987
-3.543943942482906 -12.28378748593006
-3.550105999347593 -12.31630023477675
-3.556181846652911 -12.0850940327318
-3.562173863364648 -11.94246993438649
-3.568084331315394 -12.22900479792031
-3.573915440421551 -12.50976457068126
-3.579669293554721 -12.59437515689565
-3.585347911094591 -12.85353041528289
-3.590953235187986 -12.3845140648694
-3.596487133736544 -12.10738740621008
-3.601951404133521 -12.3256902057704
-3.607347776768413 -12.29705588263302
-3.612677918316502 -12.6505303039734
-3.617943434828973 -12.40872622253836
-3.623145874637939 -12.41904249101434
-3.628286731089514 -11.86222007056188
-3.633367445117007 -11.99770131554093
-3.638389407665336 -11.86928134949747
-3.643353961976863 -12.42773378306513
-3.648262405748044 -12.19337632482851
-3.653115993165567 -12.0329032947074
-3.657915936829955 -11.9750869214036
-3.662663409574038 -12.07400481412602
-3.667359546183087 -11.9941189926567
-3.672005445022952 -12.09605257262136
-3.676602169582019 -11.88737008121686
-3.681150749932421 -11.83478970382887
-3.685652184115524 -12.27766764465352
-3.690107439456331 -12.58695435040049
-3.694517453811156 -12.32398394208752
-3.69888313675259 -12.35410695672504
-3.703205370695486 -12.02796440393194
-3.707485011967473 -12.05575493212273
-3.711722891827235 -12.42119906217345
-3.715919817433579 -12.16975859206653
-3.720076572768141 -12.13026864534023
-3.72419391951433 -12.09876786478497
-3.728272597895017 -12.5898512151356
-3.732313327471243 -12.02450713679863
-3.736316807904109 -11.91756189043523
-3.740283719681879 -11.94694865913957
-3.744214724814166 -11.86670192069807
-3.748110467494984 -12.38486482096484
-3.751971574736327 -11.89076871384729
-3.75579865697383 -11.88418244845088
-3.759592308645975 -12.11504887722204
-3.763353108748215 -12.29018286607872
-3.767081621363322 -11.74655172083782
-3.770778396169148 -12.12942339793445
-3.774443968924965 -12.27064263943949
-3.778078861937455 -12.5121884007083
-3.781683584507351 -11.8383806443876
-3.785258633357701 -11.83090959510042
-3.788804493044649 -11.93035046412191
-3.792321636351573 -11.99042445956927
-3.795810524667409 -11.98308198847975
-3.799271608349873 -11.81777411246415
-3.802705327074352 -11.92593719655788
-3.806112110169091 -12.06722569459356
-3.809492376937342 -11.93240893077734
-3.812846536967071 -12.0777947939903
-3.816174990428802 -12.13087107465798
-3.819478128362122 -12.19217381273195
-3.822756332951391 -11.77154781290036
-3.826009977791101 -11.87704018973921
-3.829239428141389 -12.45380459727355
-3.832445041174111 -11.5472413623671
-3.835627166209898 -12.52178076515784
-3.838786144946595 -11.66060881395657
-3.841922311679451 -12.1975735354597
-3.845035993513415 -12.09013802303282
-3.848127510567875 -12.32640526211759
-3.851197176174161 -11.51179654425123
-3.854245297066119 -11.78467298634358
-3.857272173564041 -11.65990314591156
-3.860278099752235 -11.96429532406257
-3.863263363650481 -11.59468791603719
-3.866228247379647 -12.13075703743193
-3.869173027321683 -11.80611051202785
-3.872097974274227 -11.9225757360315
-3.875003353600041 -11.71300593789093
-3.877889425371484 -11.96670016019326
-3.88075644451021 -11.9462664429362
-3.883604660922293 -11.83738478409822
-3.886434319628938 -11.98438241138415
-3.88924566089298 -11.82630361372332
-3.892038920341292 -11.79784380752423
-3.894814329083301 -11.63585880330291
-3.89757211382573 -12.34783232274437
-3.900312496983727 -12.45804064221867
-3.903035696788497 -12.08307521148262
-3.905741927391602 -11.8679452495802
-3.908431398966006 -12.23331514291992
-3.911104317804036 -12.42487075214978
-3.913760886412323 -11.92152807765283
-3.916401303603875 -11.84263032296014
-3.91902576458736 -11.93476754602323
-3.921634461053706 -11.65111291658712
-3.924227581260118 -12.03235751897835
-3.926805310111606 -11.36323572997692
-3.9293678292401 -11.64451276486674
-3.931915317081246 -11.74058088745413
-3.93444794894897 -11.498064322545
-3.93696589710787 -11.87836816937694
-3.93946933084353 -11.58778405536546
-3.941958416530813 -11.86702129402922
-3.944433317700215 -12.1984863986059
-3.946894195102327 -11.35594149901596
-3.949341206770497 -11.3888127661735
-3.951774508081725 -11.38013020983078
-3.954194251815863 -11.42849614545224
-3.956600588213177 -11.67448966013608
-3.958993665030326 -11.82370945639735
-3.961373627594801 -11.56083912984292
-3.963740618857884 -11.98727585190392
-3.966094779446171 -11.47439591950367
-3.968436247711705 -11.73304513316381
-3.970765159780768 -11.81035815210046
-3.973081649601367 -11.95091386764222
-3.975385848989467 -11.53198351740394
-3.977677887673994 -11.71218501211649
-3.979957893340666 -11.56926954599009
-3.982225991674675 -11.44533346859144
-3.984482306402263 -11.75899450718548
-3.986726959331218 -11.59789958729172
-3.988960070390338 -12.00393288768649
-3.991181757667873 -11.62796720567535
-3.993392137449002 -11.72750043196194
-3.995591324252354 -11.60040447156514
-3.997779430865604 -12.08612167117002
-3.999956568380192 -11.39878820323966
-4.002122846225162 -11.79316186939971
-4.004278372200162 -11.87087220629206
-4.006423252507643 -11.76484686994943
-4.008557591784247 -11.70100948062882
-4.010681493131443 -11.84356261916483
-4.012795058145413 -11.76205019287628
-4.014898386946205 -11.81864655633572
-4.016991578206205 -11.60743546009041
-4.019074729177898 -11.34629378106103
-4.021147935720995 -11.71316781847901
-4.023211292328889 -11.91142404998355
-4.025264892154508 -11.68765285903183
-4.027308827035546 -11.70436500028904
-4.029343187519107 -11.56598242371172
-4.031368062885773 -11.38787540778032
-4.033383541173119 -11.71334221892729
-4.035389709198677 -11.74218906741088
-4.037386652582377 -11.85232762069673
-4.039374455768474 -11.40370130210965
-4.041353202046975 -12.03734691228354
-4.043322973574575 -11.94445949297586
-4.045283851395135 -11.52198922523032
-4.047235915459681 -11.34793437003809
-4.049179244645967 -12.271452638708
-4.051113916777601 -11.72662597872414
-4.053040008642746 -11.88666382050948
-4.054957596012406 -11.58574526336518
-4.056866753658313 -11.65564940718028
-4.058767555370419 -11.71165100016142
-4.060660073974015 -11.76383799027082
-4.062544381346465 -11.55861722239601
-4.064420548433594 -11.43516870805772
-4.06628864526571 -11.15136830273323
-4.068148740973294 -11.55942943693704
-4.070000903802345 -11.77696670855965
-4.071845201129409 -11.75938222068825
-4.073681699476284 -11.14307843870372
-4.075510464524414 -11.72530478353445
-4.07733156112899 -11.27296869130019
-4.079145053332748 -11.45310601111806
-4.080951004379483 -11.70363333085911
-4.082749476727281 -11.29191691748236
-4.084540532061484 -11.57263580400921
-4.086324231307385 -11.71526526040321
-4.088100634642659 -11.72281444621591
-4.089869801509551 -11.77760189539019
-4.091631790626808 -11.38202018893322
-4.093386660001371 -11.19673084196666
-4.095134466939837 -11.325465716712
-4.096875268059688 -11.14664229063279
-4.098609119300293 -11.58624709086678
-4.100336075933696 -11.39725102540509
-4.102056192575189 -11.8155296915417
-4.103769523193673 -11.33655213853227
-4.105476121121821 -11.39202332690556
-4.107176039066039 -11.52866446953853
-4.108869329116231 -11.53602334181668
-4.110556042755381 -11.96956768808147
-4.112236230868939 -11.87566193651028
-4.113909943754037 -11.86482591569932
-4.115577231128523 -11.6548210582712
-4.117238142139819 -11.35485949189535
-4.118892725373621 -11.67769159298567
-4.120541028862419 -11.20257206997198
-4.122183100093868 -11.11467827321149
-4.123818986018997 -11.97220545435379
-4.125448733060263 -11.99269429652315
-4.127072387119455 -11.86345061636525
-4.128689993585454 -11.60913761881518
-4.130301597341845 -11.74609466776117
-4.131907242774386 -11.54694397312845
-4.13350697377835 -11.59171163440207
-4.13510083376572 -11.26044982254837
-4.136688865672258 -11.06974344899256
-4.138271111964449 -11.57239255981355
-4.139847614646311 -11.38625308367677
-4.141418415266088 -11.43813372673326
-4.142983554922818 -11.68186653557716
-4.144543074272788 -11.28590107129022
-4.146097013535869 -11.40761549435772
-4.147645412501743 -11.29585356374238
-4.149188310536008 -11.55546142192135
-4.150725746586194 -11.60577884978583
-4.152257759187656 -11.94824140987726
-4.15378438646937 -11.88274456906159
-4.155305666159625 -11.75148885991953
-4.156821635591626 -11.46268204927617
-4.158332331708981 -11.53666989719326
-4.159837791071108 -11.32524644173423
-4.161338049858543 -11.46530644750052
-4.16283314387816 -11.65662146006862
-4.164323108568294 -11.27961846300896
-4.165807979003786 -11.84418526368998
-4.167287789900931 -11.80371057892176
-4.168762575622357 -11.20786996608339
-4.170232370181804 -11.67413660757913
-4.171697207248836 -11.46055350969937
-4.173157120153469 -11.28433927724335
-4.174612141890719 -11.46682939873471
-4.176062305125079 -11.39786825681059
-4.177507642194916 -11.38160496426447
-4.178948185116802 -11.44813885885068
-4.180383965589764 -11.50907897362427
-4.181815014999475 -11.80506275643666
-4.183241364422366 -11.74088611651082
-4.18466304462968 -11.67115284566323
-4.186080086091452 -11.28509623187283
-4.187492518980426 -11.58024475396639
-4.188900373175912 -11.46503907244043
-4.190303678267582 -11.21471692516787
-4.191702463559194 -11.90622566491112
-4.19309675807227 -11.88518069951921
-4.194486590549706 -11.62108204127355
-4.195871989459327 -11.67099458743647
-4.19725298299739 -11.36875694771509
-4.198629599092019 -11.04954984211479
-4.200001865406602 -12.10592349949709
-4.201369809343122 -11.26225408638411
-4.202733458045444 -11.75004926841181
-4.204092838402539 -11.21308362913284
-4.205447977051676 -11.48284346170274
-4.206798900381547 -11.18145452376986
-4.208145634535351 -11.52390210121433
-4.209488205413829 -11.46867678545509
-4.210826638678256 -10.98589672997036
-4.212160959753383 -11.46941510400019
-4.213491193830334 -11.38247361452673
-4.214817365869458 -11.0564187771766
-4.216139500603143 -10.99875295211979
-4.21745762253858 -11.13334489309359
-4.218771755960492 -10.82497720733551
-4.220081924933815 -11.06505277184633
-4.221388153306345 -11.07867234349192
-4.222690464711341 -11.05003650721423
-4.223988882570092 -11.17290977550244
-4.225283430094444 -11.22584651547475
-4.226574130289287 -11.3707791062779
-4.227861005955013 -11.2391170910106
-4.22914407968993 -11.3067570882615
-4.23042337389264 -11.32846506354279
-4.231698910764393 -10.76847431723537
-4.232970712311389 -11.1634713073095
-4.234238800347066 -11.3614145067129
-4.235503196494338 -11.17553468080911
-4.236763922187807 -11.11189006198686
-4.238020998675949 -11.03270569666867
-4.239274447023258 -11.33375648789298
-4.240524288112364 -11.21941419452683
-4.241770542646124 -11.39197576556594
-4.243013231149678 -11.19157755047825
-4.244252373972473 -10.78042234756285
-4.24548799129027 -11.25104047195277
-4.246720103107109 -11.11727916727864
-4.247948729257255 -11.21230858430805
-4.249173889407112 -11.25122959839536
-4.250395603057116 -11.54601064478233
-4.251613889543592 -11.33158354590305
-4.252828768040592 -11.33597693474682
-4.254040257561709 -11.7882484782075
-4.255248376961857 -11.47428093933106
-4.256453144939036 -11.09451241851344
-4.257654580036067 -11.11946065726125
-4.258852700642303 -11.78014470794814
-4.260047524995322 -11.30246677085772
-4.261239071182586 -11.1865661825776
-4.26242735714309 -11.40426967447136
-4.263612400668982 -11.56810864050893
-4.264794219407156 -10.71700079539563
-4.265972830860834 -11.16368914672217
-4.267148252391121 -11.12946237316357
-4.268320501218538 -11.45637573701118
-4.269489594424535 -11.28155503224789
-4.270655548952985 -11.19026416456502
-4.271818381611661 -11.39601318764877
-4.272978109073684 -11.13467092401197
-4.274134747878962 -11.1847473776968
-4.275288314435602 -11.01126099051955
-4.276438825021309 -11.68981915566914
-4.277586295784763 -11.55899257366247
-4.278730742746982 -11.23080583322567
-4.279872181802656 -11.52541100826644
-4.281010628721483 -11.33835588996939
-4.282146099149467 -11.16834247890039
-4.283278608610214 -10.85728038994037
-4.284408172506199 -11.05269846005124
-4.28553480612003 -11.68893484933396
-4.286658524615686 -10.75875236189709
-4.287779343039739 -11.71209803517969
-4.288897276322566 -11.33397490141692
-4.290012339279541 -11.30655193976151
-4.291124546612215 -10.95910375285147
-4.292233912909475 -11.23515903784214
-4.293340452648696 -11.15952351403539
-4.294444180196873 -10.99307375874205
-4.295545109811742 -11.55569536311251
-4.29664325564288 -11.67239831391545
-4.297738631732803 -11.10787235296202
-4.298831252018039 -11.72590716047804
-4.299921130330193 -11.53011649699567
-4.301008280397 -11.74921621597935
-4.302092715843356 -11.33015296516345
-4.303174450192349 -11.01076891410349
-4.30425349686627 -11.13475311355623
-4.305329869187608 -10.81176091277049
-4.306403580380041 -11.19845593890032
-4.307474643569412 -11.50162329000377
-4.308543071784684 -11.07782074861935
-4.309608877958903 -11.25049933777163
-4.310672074930124 -11.03607191261697
-4.311732675442349 -10.79215381913326
-4.312790692146442 -11.68468007144124
-4.313846137601028 -11.00579549697125
-4.314899024273395 -11.41272982313313
-4.315949364540375 -11.72194936816406
-4.316997170689212 -11.93818326931989
-4.318042454918434 -11.54988430906697
-4.319085229338699 -11.46973495821691
-4.320125505973635 -11.00882830739998
-4.321163296760679 -11.09841089133329
-4.322198613551892 -10.82571897930453
-4.323231468114774 -11.6861288115062
-4.324261872133069 -10.94995891064071
-4.325289837207551 -11.27239955120688
-4.326315374856817 -11.31455329055893
-4.327338496518052 -11.11616574069557
-4.328359213547802 -11.10054802991585
-4.329377537222727 -10.78083841233108
-4.330393478740346 -11.30160894192764
-4.331407049219782 -11.1850499833726
-4.332418259702485 -11.21824108278296
-4.333427121152962 -11.01392140835809
-4.33443364445948 -10.96292076281106
-4.335437840434784 -10.97797159284351
-4.336439719816778 -11.25345802545811
-4.337439293269231 -11.42643182033013
-4.338436571382445 -11.26682455284371
-4.339431564673933 -11.10469148373517
-4.340424283589086 -11.3945545508155
-4.34141473850183 -10.95643073223501
-4.342402939715273 -11.4855929611314
-4.343388897462354 -11.35163496894996
-4.344372621906474 -11.33982961044858
-4.345354123142127 -11.47920917704764
-4.346333411195522 -11.44994223539697
-4.347310496025192 -11.35449396775437
-4.348285387522612 -10.946287745979
-4.34925809551279 -11.00850612408412
-4.350228629754866 -11.36107664424892
-4.351196999942697 -11.41029843180644
-4.352163215705444 -11.58413219685666
-4.353127286608135 -11.43597055956193
-4.354089222152247 -11.23630403666181
-4.355049031776256 -11.23045732339119
-4.3560067248562 -10.94840621817817
-4.356962310706225 -11.32163671377084
-4.35791579857913 -11.0837003353126
-4.358867197666904 -11.49619368276475
-4.35981651710126 -11.51726737277916
-4.360763765954155 -11.26584523869281
-4.361708953238316 -11.04920410064413
-4.362652087907755 -11.35472852250898
-4.36359317885827 -11.25804118096366
-4.364532234927959 -11.19639725332529
-4.365469264897712 -10.82888246994005
-4.3664042774917 -10.97433180841712
-4.367337281377873 -10.53008136264507
-4.368268285168433 -11.64889454127914
-4.369197297420316 -11.33094772433873
-4.370124326635658 -11.3546194115163
-4.371049381262269 -11.16030741729489
-4.371972469694093 -11.11800616826238
-4.372893600271661 -10.92946421553295
-4.373812781282546 -10.73598862687537
-4.374730020961813 -10.73200464747486
-4.375645327492456 -10.71014317151013
-4.37655870900584 -11.58710339402322
-4.377470173582134 -10.90141525448467
-4.37837972925074 -11.13097536347516
-4.379287383990714 -11.06426378117098
-4.380193145731191 -11.1796168522086
-4.381097022351799 -10.63888385838496
-4.381999021683067 -11.01872493805129
-4.382899151506837 -10.83141131734092
-4.383797419556664 -10.89662713908027
-4.384693833518213 -10.58504738672051
-4.38558840102966 -10.62846086301068
-4.386481129682074 -11.3685090627301
-4.38737202701981 -11.07847011897215
-4.388261100540889 -11.66233369883453
-4.389148357697377 -11.06126640639251
-4.39003380589576 -10.99272037393979
-4.390917452497312 -10.84927889567563
-4.391799304818467 -11.20862543033566
-4.392679370131183 -11.03038287257531
-4.393557655663294 -11.04361337731935
-4.394434168598875 -11.7512576605093
-4.395308916078588 -11.0468399206621
-4.396181905200037 -11.31768082239218
-4.397053143018109 -10.84023904034073
-4.397922636545316 -10.89227859940868
-4.398790392752139 -10.62854695202558
-4.399656418567356 -11.36803622028812
-4.400520720878379 -11.13556598334679
-4.401383306531581 -11.4796017892322
-4.40224418233262 -11.23542220329993
-4.403103355046766 -11.47120219476249
-4.403960831399213 -11.12409733694192
-4.404816618075402 -11.0996373234976
-4.405670721721326 -11.27502561007876
-4.406523148943849 -11.04727785703821
-4.407373906311004 -10.63750679143995
-4.408223000352301 -11.00672490894262
-4.409070437559028 -10.83872640967915
-4.409916224384546 -11.0689345961085
-4.410760367244587 -10.87766729052204
-4.411602872517545 -11.03656730113105
-4.412443746544762 -11.63815810082407
-4.41328299563082 -11.06980573088724
-4.414120626043821 -10.80153444209785
-4.414956644015667 -11.14892922433136
-4.415791055742342 -10.86654232206264
-4.416623867384184 -11.1118058495442
-4.41745508506616 -10.92642128054679
-4.418284714878136 -10.78263526215228
-4.419112762875142 -11.09476573317331
-4.419939235077641 -10.87191208954289
-4.420764137471791 -11.04482787426346
-4.421587476009702 -11.12636825543992
-4.422409256609699 -11.03040355720486
-4.423229485156568 -10.82985085500683
-4.424048167501823 -10.74724898060936
-4.424865309463941 -11.1481859208278
-4.425680916828624 -11.14902095264245
-4.426494995349033 -10.89621120183216
-4.427307550746042 -11.12509302047082
-4.428118588708467 -10.76335120395208
-4.428928114893321 -11.17635890645001
-4.429736134926033 -11.18582221373459
-4.430542654400698 -10.7444960820359
-4.431347678880298 -11.05566722687037
-4.432151213896942 -11.61760000029541
-4.432953264952085 -10.94274454361594
-4.433753837516757 -11.13042975402104
-4.434552937031793 -10.9780288862696
-4.435350568908045 -11.01413305466678
-4.43614673852661 -10.93467627369457
-4.436941451239042 -11.19837218572374
-4.437734712367571 -10.65160442911498
-4.438526527205319 -10.88329335091312
-4.439316901016504 -10.72282972778251
-4.44010583903666 -11.0658656429538
-4.440893346472835 -10.70667662219797
-4.441679428503809 -11.29289537267896
-4.442464090280285 -10.83438531091808
-4.443247336925102 -10.98832128891155
-4.444029173533431 -11.20523227512131
-4.444809605172975 -11.23332751968453
-4.445588636884166 -11.13905186722498
-4.44636627368036 -10.91141618596273
-4.447142520548028 -11.0727117476037
-4.447917382446956 -11.53925327005665
-4.448690864310427 -11.00224783259777
-4.449462971045411 -11.1783536318708
-4.450233707532753 -10.80874877391713
-4.451003078627362 -11.70556271764382
-4.451771089158385 -10.77023909614405
-4.452537743929398 -11.04388267582212
-4.453303047718583 -11.17214222976372
-4.454067005278905 -10.84455253747159
-4.454829621338289 -11.04085536918695
-4.455590900599803 -11.43342552495677
-4.456350847741818 -11.1325836003438
-4.457109467418195 -11.01136739188251
-4.457866764258446 -11.03883915829232
-4.458622742867909 -10.76912411229521
-4.459377407827914 -11.61975416866465
-4.46013076369595 -10.97106947648078
-4.460882815005827 -10.95589461187935
-4.461633566267848 -10.96101908353758
-4.462383021968959 -10.88461289389928
-4.463131186572924 -10.72207647750495
-4.463878064520472 -11.04444580912649
-4.464623660229463 -10.67476660859066
-4.465367978095041 -11.12933246933337
-4.466111022489792 -11.32374001066217
-4.466852797763896 -11.03739946167944
-4.467593308245282 -10.94674814694133
-4.468332558239775 -11.12494191511113
-4.469070552031253 -10.68751430150234
-4.46980729388179 -10.90719612100989
-4.470542788031808 -11.25429285388187
-4.471277038700218 -11.39943483912782
-4.472010050084573 -10.73581014141864
-4.472741826361205 -11.56050599451275
-4.473472371685371 -11.09437158552225
-4.474201690191394 -10.7974867470204
-4.474929785992802 -10.84878334436296
-4.475656663182472 -10.97712681979559
-4.476382325832763 -11.5580243050061
-4.477106777995652 -10.6812331011674
-4.477830023702876 -10.83225754935879
-4.478552066966061 -10.84642912617799
-4.479272911776857 -10.60317131699401
-4.479992562107072 -11.02877249923491
-4.480711021908802 -11.13127859508002
-4.481428295114561 -11.34858481337157
-4.482144385637411 -10.94096478398406
-4.482859297371087 -11.12065259151656
-4.483573034190131 -11.08259092128649
-4.48428559995001 -10.51534473372918
-4.484996998487248 -10.8655081268706
-4.485707233619542 -10.68919877362802
-4.486416309145892 -11.23320376790792
-4.487124228846722 -11.01451677089329
-4.487830996483996 -11.13433575177006
-4.488536615801344 -10.80297939293567
-4.489241090524176 -11.06704279525124
-4.489944424359803 -10.80582366881901
-4.490646620997555 -11.29010527843528
-4.491347684108892 -10.96361193370613
-4.492047617347525 -10.92645587863059
-4.492746424349529 -11.34881081503993
-4.493444108733453 -11.2185041587013
-4.494140674100433 -10.42706555620647
-4.494836124034309 -10.73531050990537
-4.495530462101731 -11.19688066113794
-4.496223691852267 -11.05529467702073
-4.496915816818515 -11.14045375984466
-4.497606840516214 -11.41328516704813
-4.498296766444343 -11.14988482799016
-4.498985598085234 -10.9819056780215
-4.499673338904676 -10.95132962848669
-4.500359992352017 -11.0079189390947
-4.501045561860272 -10.8648011924166
-4.50173005084622 -10.57969668347571
-4.502413462710515 -11.28613862103179
-4.503095800837778 -11.25423657148164
-4.503777068596706 -10.77120602813831
-4.504457269340162 -11.21618581633333
-4.505136406405284 -10.84253804214616
-4.505814483113578 -11.1541751541261
-4.506491502771016 -10.89914263000076
-4.507167468668134 -11.35528541537747
-4.507842384080124 -11.64488509784811
-4.508516252266936 -10.72934641316663
-4.509189076473367 -10.84923459660252
-4.509860859929156 -11.38105098200059
-4.510531605849078 -11.17617259586809
-4.511201317433035 -10.93662620025976
-4.511869997866151 -11.14461279470515
-4.512537650318858 -11.01983889552742
-4.513204277946988 -10.72777212798008
-4.513869883891864 -11.19098210573731
-4.514534471280389 -11.37158380680211
-4.515198043225131 -10.621106222032
-4.515860602824412 -10.59667206673215
-4.516522153162396 -10.64582692832213
-4.517182697309177 -10.87007783694631
-4.517842238320856 -10.47522035605063
-4.518500779239638 -10.92832623603299
-4.519158323093905 -10.99041974310398
-4.519814872898306 -10.60989693512382
-4.520470431653839 -10.37873655551611
-4.521125002347933 -10.41097859569253
-4.521778587954529 -10.78353355356292
-4.522431191434158 -10.95956257457827
-4.523082815734031 -11.00862906661343
-4.523733463788108 -10.56013633818089
-4.524383138517184 -10.91065405196684
-4.525031842828963 -10.5222892626231
-4.525679579618144 -11.26624114984136
-4.526326351766489 -10.91476732858267
-4.526972162142903 -10.92575428009698
-4.527617013603518 -10.49106780624007
-4.528260908991754 -10.66043559859638
-4.528903851138409 -10.54290610308405
-4.529545842861724 -11.23953957887336
-4.530186886967461 -10.89823766255887
-4.530826986248976 -11.01928912048838
-4.531466143487293 -11.0995675814276
-4.532104361451173 -10.91266441405899
-4.53274164289719 -10.73700976539802
-4.533377990569801 -11.19299642221706
-4.534013407201416 -10.65999569949824
-4.534647895512471 -10.52522998555838
-4.535281458211492 -10.77030017665158
-4.535914097995172 -10.82010028702938
-4.536545817548435 -10.71701587375626
-4.537176619544507 -10.82388299037495
-4.53780650664498 -11.23823579182733
-4.538435481499883 -10.92799114170899
-4.539063546747749 -10.83572677167197
-4.539690705015678 -11.43294182069309
-4.540316958919408 -10.98571473269919
-4.540942311063374 -10.72996089885842
-4.54156676404078 -10.73968501926088
-4.542190320433657 -10.90290869533896
-4.542812982812933 -10.96807779482898
-4.543434753738492 -11.09473574739778
-4.54405563575924 -10.81177341598542
-4.544675631413166 -11.02995388867208
-4.545294743227404 -10.41954642314045
-4.545912973718297 -10.60295963976857
-4.546530325391456 -10.95241938711787
-4.547146800741823 -10.77200537089684
-4.54776240225373 -10.7422103725438
-4.548377132400958 -10.54918107965317
-4.548990993646801 -10.54606489260202
-4.549603988444122 -10.51335823406296
-4.550216119235408 -10.86659196868668
-4.550827388452839 -10.9960354425083
-4.551437798518334 -10.47208063252383
-4.552047351843618 -10.30866128284852
-4.552656050830272 -10.75369004755546
-4.553263897869797 -10.58519392202959
-4.553870895343662 -10.74058619395301
-4.554477045623369 -10.99619791885162
-4.5550823510705 -10.79149998811717
-4.55568681403678 -10.70858386611497
-4.556290436864124 -10.79844815036966
-4.556893221884699 -11.06664349827512
-4.557495171420972 -10.84289049261745
-4.558096287785768 -10.87822881376257
-4.558696573282321 -10.80210114601988
-4.559296030204329 -10.88249066991265
-4.559894660836002 -10.94275193934225
-4.560492467452119 -10.90300124199916
-4.561089452318078 -10.69091938541108
-4.56168561768995 -10.84020900302828
-4.562280965814523 -11.03961757988147
-4.562875498929362 -10.91005588927632
-4.563469219262854 -11.2457823415493
-4.564062129034257 -10.50278185066544
-4.564654230453757 -10.77151362231749
-4.565245525722506 -10.99518105330832
-4.565836017032682 -10.47803056653936
-4.566425706567533 -10.83740302100311
-4.567014596501425 -11.24829454260435
-4.567602688999889 -10.87116598984805
-4.568189986219674 -10.69817632931599
-4.56877649030879 -10.8371162928762
-4.569362203406555 -10.86634556448652
-4.569947127643642 -10.9547722121889
-4.570531265142131 -10.43800482212908
-4.571114618015548 -10.83786251205755
-4.571697188368912 -11.34303107930671
-4.572278978298784 -11.05327859983206
-4.572859989893312 -10.85949367942896
-4.573440225232273 -10.42559341373402
-4.574019686387116 -11.08962208941816
-4.574598375421016 -10.51944485012718
-4.575176294388906 -10.83291340759082
-4.575753445337528 -10.56044202671257
-4.576329830305478 -10.79412424042637
-4.57690545132324 -10.70279951246419
-4.57748031041324 -10.8187100752187
-4.578054409589882 -10.60048229187317
-4.57862775085959 -10.8983711889187
-4.579200336220856 -10.49339748844936
-4.579772167664273 -10.84770564361099
-4.580343247172586 -10.46875623640216
-4.580913576720727 -10.57728442997628
-4.581483158275855 -10.64340191989387
-4.582051993797402 -10.66138637544295
-4.582620085237112 -10.62770319624157
-4.583187434539076 -10.77553661234148
-4.583754043639778 -11.3421662095265
-4.584319914468133 -10.81158434330026
-4.584885048945525 -11.1087076063046
-4.585449448985846 -10.68230480583324
-4.58601311649554 -10.88415290561342
-4.586576053373631 -11.42613587859336
-4.587138261511774 -10.67403416218473
-4.587699742794285 -11.17552023466329
-4.58826049909818 -10.52430665160351
-4.588820532293213 -10.73550321302175
-4.589379844241917 -10.67041179030788
-4.589938436799636 -10.80965146825995
-4.590496311814564 -10.61253639665626
-4.591053471127784 -10.94067237015042
-4.5916099165733 -10.93294573410356
-4.592165649978075 -10.7051027946462
-4.592720673162071 -10.78955180522845
-4.593274987938277 -10.89949060860445
-4.593828596112751 -10.99950843535686
-4.594381499484654 -10.52096472522627
-4.594933699846282 -11.24127566881628
-4.595485198983103 -10.67655678128862
-4.596035998673795 -11.00344661008345
-4.596586100690273 -11.05631446986202
-4.59713550679773 -10.66264402002094
-4.597684218754666 -11.0479746287426
-4.598232238312927 -10.91260724008628
-4.598779567217732 -10.82431391148766
-4.599326207207714 -10.92755019211723
-4.599872160014945 -10.86347526288034
-4.600417427364976 -11.08872954958983
-4.600962010976867 -10.5317800485189
-4.601505912563215 -10.73539570822131
-4.602049133830196 -10.59447180385536
-4.602591676477587 -10.73684795794714
-4.603133542198807 -10.99410947919066
-4.603674732680942 -10.92367445956595
-4.604215249604777 -11.31516305033076
-4.604755094644832 -10.89818426350779
-4.605294269469391 -11.22588706925445
-4.605832775740528 -10.3969147777657
-4.606370615114146 -10.87216346933023
-4.606907789240003 -10.86300721810515
-4.607444299761739 -10.84704403073654
-4.607980148316915 -10.84362484346208
-4.608515336537035 -11.15099951862454
-4.609049866047581 -10.99676706521268
-4.609583738468038 -11.16240827404132
-4.610116955411928 -11.05070249936896
-4.610649518486835 -10.88657561862303
-4.611181429294439 -10.64505967233557
-4.611712689430539 -10.45809601838195
-4.612243300485089 -10.46619630239795
-4.612773264042217 -11.01619514784755
-4.613302581680263 -10.5015024016463
-4.613831254971802 -11.14174991575699
-4.614359285483673 -10.80353265098343
-4.614886674777004 -10.80878912979928
-4.615413424407249 -10.52911831825834
-4.615939535924203 -10.66336748555102
-4.616465010872037 -11.20165442305021
-4.616989850789326 -11.01322246375707
-4.617514057209073 -10.80068805563483
-4.618037631658733 -10.51271168825275
-4.618560575660246 -10.36312779852023
-4.619082890730063 -10.9268875687536
-4.619604578379167 -10.67035987347288
-4.620125640113102 -10.66766198523175
-4.620646077432001 -10.36658656834274
-4.621165891830612 -11.20138218978419
-4.621685084798319 -10.8566837600202
-4.622203657819171 -10.4409420852445
-4.622721612371911 -10.59816806280632
-4.623238949929992 -10.96996345799067
-4.623755671961612 -10.98709327589517
-4.624271779929733 -10.91513004257379
-4.624787275292107 -11.01763893732226
-4.625302159501303 -10.6047859675163
-4.625816434004728 -10.81021796917672
-4.626330100244653 -10.63857117247228
-4.626843159658239 -10.76859457632629
-4.627355613677558 -10.66018527555101
-4.627867463729622 -10.99736091989489
-4.628378711236398 -11.18686264451167
-4.628889357614841 -10.94117527548791
-4.629399404276913 -10.6658644682453
-4.629908852629606 -11.08606876183944
-4.630417704074968 -10.69659338887572
-4.630925960010122 -11.23078122335542
-4.631433621827296 -11.05700666031555
-4.631940690913836 -11.00407644364418
-4.632447168652237 -10.61424878774635
-4.632953056420164 -10.86621267062386
-4.633458355590472 -11.30344749442866
-4.633963067531229 -10.70561045031472
-4.634467193605738 -10.8587267994408
-4.634970735172564 -10.62104577266008
-4.635473693585547 -11.32198824330344
-4.635976070193833 -11.33915002506557
-4.636477866341889 -10.91431584604212
-4.636979083369527 -10.58471554649631
-4.637479722611926 -10.41874395291914
-4.637979785399654 -10.83393852828856
-4.638479273058686 -10.84822886138425
-4.63897818691043 -10.78811525222909
-4.639476528271741 -10.7987877995162
-4.639974298454951 -10.96234783674989
-4.640471498767881 -10.63963185967079
-4.640968130513867 -10.92965690277231
-4.641464194991778 -10.67007218613483
-4.641959693496038 -10.33795149201888
-4.642454627316646 -10.78522030145307
-4.642948997739193 -10.76132599718965
-4.643442806044889 -10.76633714700029
-4.643936053510575 -10.97531690021494
-4.644428741408746 -11.54401497364868
-4.644920871007576 -10.94945646617489
-4.645412443570929 -10.35414509742091
-4.64590346035838 -10.55357889048563
-4.646393922625243 -11.11343685775316
-4.646883831622578 -10.61982649348648
-4.647373188597217 -10.67738180469435
-4.647861994791786 -10.61764197955994
-4.648350251444714 -10.71325625566812
-4.648837959790263 -10.97899714165328
-4.649325121058538 -10.78323635580444
-4.64981173647551 -11.27944408993822
-4.650297807263036 -10.63350940549376
-4.650783334638871 -10.78597592076627
-4.651268319816693 -10.64375737846398
-4.651752764006117 -10.82318927011792
-4.652236668412717 -10.98730863008288
-4.652720034238039 -11.3968841133872
-4.653202862679622 -10.76766661518788
-4.653685154931017 -11.41272358734644
-4.654166912181801 -10.93919647982313
-4.654648135617599 -10.99785961846815
-4.655128826420096 -10.94109106664359
-4.655608985767061 -10.60168403046054
-4.656088614832357 -10.56450289476724
-4.656567714785965 -10.52112396881871
-4.657046286793999 -10.55402587931608
-4.657524332018719 -11.18767895986443
-4.658001851618553 -10.44452489388663
-4.658478846748112 -10.69567964281191
-4.658955318558207 -10.83843382113334
-4.659431268195865 -10.76917795156657
-4.659906696804346 -10.6980668511466
-4.660381605523159 -10.86881770255644
-4.660855995488079 -10.9937053494004
-4.661329867831165 -10.49942197613549
-4.661803223680772 -11.40171479640678
-4.662276064161571 -10.73508383271815
-4.662748390394562 -10.71508508221906
-4.663220203497093 -10.94513250025393
-4.663691504582873 -10.68398778651818
-4.664162294761991 -10.94953802019701
-4.664632575140928 -11.05978097426159
-4.665102346822574 -10.47121503714693
-4.665571610906247 -11.35288007001918
-4.666040368487702 -10.45877495004182
-4.666508620659151 -10.77214658423376
-4.666976368509276 -10.73553992807371
-4.667443613123249 -10.40205417404151
-4.667910355582737 -10.39105944381499
-4.668376596965928 -10.29514090186126
-4.668842338347539 -10.97094093461331
-4.669307580798836 -10.5979731388085
-4.669772325387642 -10.79698795922938
-4.670236573178357 -10.3779536145302
-4.670700325231974 -10.75507867798609
-4.671163582606086 -10.83452281167231
-4.671626346354908 -10.62302886515301
-4.67208861752929 -10.77694651331159
-4.672550397176725 -10.43235164723172
-4.673011686341374 -10.66308328174696
-4.67347248606407 -10.85594604437395
-4.673932797382339 -10.70329839388624
-4.67439262133041 -10.33977267412213
-4.674851958939232 -10.1845769780477
-4.675310811236484 -10.6332513314929
-4.675769179246593 -10.0876930738952
-4.676227063990744 -10.52963140409542
-4.676684466486899 -11.0845196155667
-4.677141387749801 -10.50994081928152
-4.677597828791 -10.43655711092952
-4.678053790618855 -10.86326229275366
-4.678509274238555 -10.77903664573256
-4.678964280652131 -10.15787046509879
-4.679418810858462 -10.38715401850942
-4.679872865853301 -10.48798310135515
-4.680326446629275 -10.55401681416198
-4.680779554175909 -10.38396278144611
-4.681232189479632 -10.45904057634363
-4.68168435352379 -10.88212480113912
-4.682136047288666 -10.3222944828508
-4.682587271751482 -10.41239944975735
-4.68303802788642 -10.24567451475616
-4.683488316664632 -10.73714136061569
-4.68393813905425 -10.82098380682034
-4.684387496020403 -10.45216572305576
-4.684836388525229 -10.39725102540509
-4.685284817527881 -10.872742195628
-4.685732783984547 -10.34859180689779
-4.68618028884846 -10.59904247445887
-4.686627333069906 -10.83837732105718
-4.687073917596243 -10.68776561642191
-4.687520043371906 -10.83064507609028
-4.687965711338427 -10.91238453052137
-4.688410922434438 -10.92257170173085
-4.688855677595689 -10.67878910213404
-4.68929997775506 -11.08888039763723
-4.689743823842567 -10.22541080133897
-4.690187216785381 -10.34551426326695
-4.690630157507832 -10.55923716295415
-4.69107264693143 -10.34439235588155
-4.691514685974869 -10.49359576214149
-4.691956275554037 -10.67762502723274
-4.692397416582036 -10.80757543790907
-4.692838109969186 -10.52950817556165
-4.693278356623039 -10.60092834627138
-4.693718157448391 -11.13399263257313
-4.694157513347289 -11.35247006747684
-4.694596425219048 -10.67458309625165
-4.695034893960258 -10.42182647615402
-4.695472920464796 -10.53509994090372
-4.695910505623837 -10.61620500086356
-4.696347650325865 -10.41729970352619
-4.696784355456685 -10.72629594477201
-4.697220621899429 -10.3571721388572
-4.697656450534576 -11.05061039082718
-4.69809184223995 -10.9974184328209
-4.698526797890745 -10.60953084563905
-4.698961318359521 -10.94024147132582
-4.699395404516225 -10.19694591500894
-4.699829057228199 -10.57578865323897
-4.700262277360188 -10.83366065242011
-4.70069506577435 -10.53310430342517
-4.701127423330272 -10.80541994197529
-4.701559350884973 -10.12113219451351
-4.70199084929292 -10.51279569264863
-4.702421919406032 -10.47334856916752
-4.702852562073699 -10.99221806650954
-4.703282778142782 -10.63423573737333
-4.70371256845763 -11.02280655480514
-4.704141933860088 -10.41939188932563
-4.704570875189504 -10.62057858142965
-4.704999393282745 -10.85355450518533
-4.705427488974202 -10.34106612478807
-4.705855163095799 -10.77473936064128
-4.706282416477007 -10.67467541264266
-4.706709249944851 -10.32030197839421
-4.707135664323919 -10.45690146135722
-4.707561660436372 -10.45969111025263
-4.707987239101958 -10.21886076130683
-4.708412401138012 -10.40577547964
-4.708837147359474 -10.31915428099955
-4.709261478578895 -10.82424795928006
-4.709685395606446 -10.93379565203318
-4.710108899249929 -10.62381186981533
-4.710531990314783 -10.92401230992935
-4.710954669604097 -10.72898847192128
-4.711376937918617 -11.0319629087552
-4.711798796056756 -10.24336606820592
-4.712220244814602 -10.23722554445116
-4.712641284985928 -10.84260515352074
-4.713061917362199 -10.59097403018975
-4.713482142732587 -10.39684683803887
-4.713901961883969 -10.81928852438143
-4.714321375600948 -10.80723503563564
-4.714740384665851 -10.71925073717694
-4.715158989858748 -10.7077404978971
-4.715577191957452 -10.58103048855614
-4.715994991737532 -10.72262665420495
-4.716412389972321 -10.2282571090524
-4.716829387432925 -10.88058198665729
-4.717245984888228 -10.35086528184539
-4.717662183104909 -10.73112498117539
-4.718077982847438 -11.13360387296645
-4.718493384878098 -10.71174409451815
-4.718908389956982 -10.72500006847402
-4.719322998842009 -10.61594406104193
-4.719737212288928 -10.76771109510345
-4.720151031051326 -10.25978545560189
-4.720564455880642 -11.0937428890267
-4.720977487526168 -10.74285268015814
-4.721390126735061 -10.88234171125404
-4.721802374252349 -10.6410410086245
-4.722214230820944 -10.89179069299061
-4.722625697181642 -10.41431974900228
-4.723036774073138 -10.31800710166508
-4.723447462232032 -10.65612533203126
-4.723857762392835 -10.1958125753653
-4.724267675287976 -10.58062092142784
-4.724677201647817 -10.43822365208442
-4.725086342200653 -10.38571248096387
-4.725495097672721 -10.64271093504806
-4.725903468788212 -10.92640500004926
-4.726311456269276 -10.33654481296844
-4.726719060836028 -10.69094896817385
-4.727126283206558 -10.82060721399204
-4.727533124096939 -10.29832909765684
-4.727939584221232 -10.49564990830068
-4.728345664291494 -10.61212760984676
-4.728751365017791 -10.86258535450324
-4.729156687108195 -10.99290770322326
-4.729561631268802 -10.49607429615476
-4.729966198203734 -10.46398945919387
-4.730370388615142 -10.45039629226793
-4.730774203203227 -10.11285749219946
-4.731177642666231 -11.13119379932921
-4.731580707700456 -10.84250113531017
-4.731983399000265 -10.4315733753762
-4.732385717258095 -10.49650590539774
-4.732787663164454 -10.76506296269035
-4.733189237407942 -10.84839547204441
-4.733590440675244 -10.80406972451521
-4.733991273651148 -10.91750606185897
-4.734391737018545 -10.46176375319493
-4.734791831458442 -10.33710505182302
-4.735191557649962 -10.11181707692646
-4.735590916270356 -10.34649289461281
-4.735989907995008 -10.56554734440978
-4.736388533497444 -10.59719956125911
-4.736786793449335 -10.59040099424973
-4.737184688520506 -10.58374742998237
-4.737582219378944 -10.71141400994784
-4.737979386690803 -10.59042070915487
-4.73837619112041 -10.09993491440887
-4.738772633330273 -10.09216438714742
-4.739168713981088 -10.7142876908149
-4.739564433731744 -10.3148015710044
-4.739959793239334 -10.58594592478775
-4.740354793159152 -10.91394392370152
-4.74074943414471 -10.34018563170393
-4.741143716847739 -10.41494231001821
-4.741537641918198 -10.66224507635041
-4.741931210004275 -10.67144011861462
-4.742324421752402 -10.17988708292588
-4.742717277807254 -10.83377326115322
-4.743109778811759 -10.49518220302406
-4.743501925407101 -10.88957616471535
-4.743893718232735 -10.86974191973038
-4.744285157926378 -10.16113605927694
-4.744676245124033 -10.96571434847586
-4.74506698045998 -10.38062278280347
-4.745457364566793 -10.08731383841984
-4.745847398075337 -10.49956208783422
-4.746237081614781 -10.76237508044418
-4.746626415812606 -10.74614303885399
-4.7470154012946 -10.69190854164091
-4.747404038684875 -10.33276149736174
-4.747792328605869 -10.32941112724026
-4.748180271678351 -10.81339720035662
-4.748567868521427 -10.22610774817411
-4.748955119752549 -10.37546325508502
-4.749342025987517 -10.86466347417162
-4.749728587840488 -10.3292613679477
-4.750114805923981 -10.77130283984832
-4.750500680848879 -11.20707697533008
-4.750886213224441 -10.7320475719106
-4.751271403658306 -10.94937492746453
-4.751656252756493 -10.46615187210447
-4.752040761123416 -10.73926422842574
-4.752424929361883 -10.40526581302033
-4.752808758073104 -10.67844748528917
-4.753192247856696 -10.39456232520572
-4.75357539931069 -10.7653255056517
-4.753958213031534 -10.66408325924968
-4.7543406896141 -10.69827500361808
-4.754722829651694 -10.61027316073273
-4.755104633736051 -10.75512257299576
-4.755486102457351 -10.87121258354599
-4.755867236404218 -10.8742122443093
-4.75624803616373 -10.29883396167775
-4.756628502321419 -10.92499904164832
-4.757008635461283 -11.03002363431317
-4.757388436165782 -10.84527113535126
-4.757767905015857 -10.6978888576592
-4.758147042590922 -10.92979019396338
-4.758525849468877 -10.44228234401641
-4.758904326226109 -10.17532959055991
-4.759282473437503 -10.66089140253933
-4.759660291676441 -10.66437034460925
-4.760037781514809 -10.51631646669864
-4.760414943523006 -10.48356810991557
-4.760791778269945 -10.27471781197409
-4.761168286323056 -10.31056302013694
-4.761544468248302 -10.68323033552393
-4.761920324610169 -10.63154197057694
-4.762295855971683 -10.41981001748594
-4.762671062894408 -11.24543963843177
-4.763045945938457 -10.50160109911289
-4.763420505662491 -11.04882760964783
-4.763794742623729 -10.19745082566009
-4.764168657377948 -10.34894862614954
-4.764542250479494 -10.81714070685067
-4.76491552248128 -10.92757875861875
-4.765288473934798 -11.18698870214067
-4.765661105390119 -10.76290965176807
-4.766033417395898 -10.65492124807474
-4.766405410499382 -10.3846204309558
-4.766777085246413 -10.89428486080791
-4.767148442181431 -10.80191318109432
-4.767519481847482 -10.52304428377326
-4.767890204786221 -10.32734274626928
-4.768260611537919 -10.29692164953001
-4.76863070264146 -10.62241600756174
-4.76900047863436 -10.50681176089638
-4.769369940052756 -10.85362161981754
-4.76973908743142 -10.61883508601965
-4.770107921303762 -10.65858529761775
-4.770476442201836 -10.44710698548557
-4.770844650656341 -10.36581737237969
-4.771212547196624 -10.89968192439137
-4.771580132350694 -10.66725784720648
-4.771947406645216 -10.35226900904445
-4.772314370605522 -10.52702576772546
-4.772681024755612 -10.64785602076351
-4.773047369618162 -10.54581744197518
-4.773413405714524 -10.68912217193395
-4.773779133564735 -10.59175495113263
-4.774144553687519 -10.418947594372
-4.77450966660029 -10.7037893169364
-4.774874472819159 -10.67513044297643
-4.775238972858938 -10.58145883494136
-4.775603167233145 -10.30893960517174
-4.775967056454005 -10.4663098671364
-4.776330641032456 -10.61195591567477
-4.776693921478157 -10.955620269738
-4.777056898299486 -10.85827427877974
-4.77741957200355 -10.55666713364569
-4.777781943096183 -10.79717229282685
-4.77814401208196 -10.76394437255673
-4.778505779464187 -10.75162899946287
-4.778867245744919 -10.44172201130196
-4.779228411424957 -10.74854957145573
-4.779589277003854 -10.21176805248227
-4.779949842979917 -10.75929356993828
-4.780310109850217 -10.74153976241877
-4.780670078110583 -10.29198491263486
-4.781029748255617 -10.33464486767997
-4.781389120778691 -10.79180140432556
-4.781748196171954 -10.3287075529918
-4.782106974926335 -11.10264076985247
-4.782465457531546 -10.32175706163546
-4.782823644476091 -10.77285905633436
-4.783181536247262 -10.56356816589046
-4.78353913333115 -10.36247910611483
-4.783896436212645 -10.48547940216089
-4.784253445375443 -10.5227702360634
-4.784610161302045 -10.63587131196466
-4.784966584473767 -10.97396041995846
-4.785322715370738 -10.82216196821429
-4.785678554471912 -10.00062771250055
-4.786034102255059 -10.64160890846762
-4.786389359196785 -10.6699582920532
-4.786744325772521 -10.73326161726368
-4.787099002456534 -10.98626095347824
-4.787453389721934 -10.46287658020144
-4.787807488040669 -10.4958680915391
-4.788161297883537 -11.03500442519106
-4.788514819720183 -10.65551414760909
-4.788868054019111 -10.49754928238206
-4.789221001247678 -10.31623181980697
-4.789573661872103 -10.42298313825828
-4.789926036357473 -10.54014039710347
-4.790278125167742 -10.28089443252481
-4.790629928765735 -10.96049928421836
-4.790981447613158 -10.72877798002937
-4.791332682170591 -10.98774903403555
-4.791683632897501 -10.40278308969487
-4.792034300252241 -10.79635698262011
-4.792384684692055 -10.67191895200366
-4.792734786673081 -10.34652715991344
-4.793084606650353 -10.89857250981282
-4.793434145077811 -10.75616363537158
-4.793783402408294 -10.74285268015814
-4.794132379093553 -10.33099628274254
-4.794481075584251 -10.14937785814006
-4.794829492329963 -10.67980980096869
-4.795177629779189 -10.84474809423773
-4.795525488379345 -10.56397785603889
-4.795873068576775 -10.86818366470081
-4.796220370816752 -10.6707211627144
-4.796567395543485 -10.10449885576184
-4.796914143200113 -10.5666805251281
-4.797260614228719 -10.84601629065104
-4.797606809070327 -10.77366574506083
-4.797952728164908 -10.47638413417912
-4.798298371951381 -10.40073343285492
-4.798643740867619 -10.75992560174663
-4.798988835350451 -10.05900922716734
-4.799333655835666 -10.08629161250397
-4.799678202758014 -10.61763998045533
-4.800022476551214 -10.22829870419559
-4.800366477647953 -10.39823781092405
-4.800710206479888 -11.03360080616072
-4.801053663477656 -10.55652991278033
-4.801396849070872 -11.04515677282196
-4.801739763688131 -10.53129883029719
-4.802082407757017 -10.53971164337161
-4.8024247817041 -10.80715461588646
-4.802766885954943 -10.54451472166147
-4.803108720934104 -10.31080064583806
-4.80345028706514 -11.21442453215817
-4.803791584770608 -10.51780873375367
-4.804132614472072 -10.89118885123364
-4.8044733765901 -10.63811513877154
-4.804813871544273 -10.9104303799736
-4.805154099753188 -10.47933419278184
-4.805494061634453 -10.59279396296516
-4.805833757604704 -10.67498441638677
-4.806173188079592 -10.71463746289671
-4.806512353473801 -10.61532122822688
-4.80685125420104 -10.75875236189709
-4.80718989067405 -10.33162079358167
-4.807528263304612 -10.5223406266972
-4.80786637250354 -10.14299197786205
-4.808204218680691 -10.63418796968435
-4.808541802244968 -10.96220914304048
-4.808879123604319 -10.75678079736431
-4.809216183165741 -11.04441376299743
-4.80955298133529 -10.80173751508678
-4.809889518518071 -10.5745667635421
-4.810225795118252 -10.57812231294141
-4.810561811539062 -10.54651439295638
-4.810897568182794 -10.73822062868916
-4.81123306545081 -10.84132009656708
-4.811568303743541 -10.73289131246738
-4.811903283460493 -10.33586511993302
-4.812238005000249 -10.38490225167403
-4.812572468760467 -10.33171082199595
-4.812906675137891 -10.70272472965388
-4.813240624528349 -10.42926697403411
-4.813574317326755 -10.27482401852789
-4.813907753927115 -10.50218072971602
-4.814240934722528 -10.81675003973388
-4.814573860105186 -10.76251180107707
-4.814906530466386 -10.58891837205609
-4.815238946196521 -10.29147945335444
-4.81557110768509 -10.4385908200234
-4.815903015320698 -10.9381038197252
-4.816234669491063 -11.01170408883328
-4.816566070583012 -10.41092270265609
-4.816897218982488 -10.55745046963341
-4.817228115074553 -10.31151973747721
-4.817558759243387 -10.65496644995401
-4.817889151872296 -10.26310954708787
-4.818219293343712 -10.62330017393518
-4.818549184039192 -10.25409286798129
-4.818878824339427 -10.59016823827531
-4.819208214624241 -10.20022002612474
-4.819537355272595 -10.35469469516936
-4.819866246662589 -10.35056470583048
-4.820194889171463 -10.05425159546514
-4.820523283175604 -10.32583005988213
-4.820851429050545 -10.28505997943189
-4.821179327170964 -10.15018213987118
-4.821506977910698 -10.45214694487249
-4.821834381642735 -10.07762410885498
-4.822161538739219 -10.63783337115859
-4.822488449571456 -10.58511972075708
-4.822815114509912 -10.56086017855082
-4.82314153392422 -10.27053610199846
-4.823467708183178 -10.44748309538762
-4.823793637654755 -9.940157023233148
-4.824119322706092 -10.40363046050083
-4.824444763703503 -10.56168451104078
-4.824769961012482 -10.49584317233787
-4.825094914997701 -9.914193155599197
-4.825419626023013 -10.32542899318401
-4.825744094451458 -10.34841054954983
-4.82606832064526 -10.23610551988439
-4.826392304965835 -10.45156215494392
-4.82671604777379 -10.73326944401124
-4.827039549428923 -10.66671193346383
-4.827362810290235 -9.935982671520653
-4.827685830715919 -10.40062304681024
-4.828008611063376 -10.09404574724793
-4.828331151689204 -10.13124728395171
-4.828653452949212 -10.98155432950407
-4.828975515198415 -10.41759346648843
-4.829297338791041 -10.23564861172867
-4.829618924080529 -10.5945665766604
-4.829940271419533 -10.43328427991964
-4.830261381159927 -10.36401764270181
-4.830582253652804 -10.71667422606662
-4.830902889248479 -10.7114723149164
-4.831223288296493 -10.01229889744319
-4.831543451145611 -10.29708646109876
-4.83186337814383 -10.52368869561344
-4.832183069638379 -10.50124314075579
-4.832502525975718 -10.42526306081293
-4.832821747501544 -10.35481146520095
-4.833140734560794 -10.47327221644181
-4.833459487497644 -10.57639907167975
-4.833778006655512 -10.33848989701039
-4.834096292377064 -10.3194851912076
-4.834414345004208 -9.998822430563056
-4.834732164878107 -10.18201027764205
-4.835049752339172 -9.9900506028021
-4.835367107727068 -10.02861359233585
-4.835684231380718 -10.12815083138438
-4.836001123638301 -10.0123244428863
-4.836317784837257 -10.24424388916657
-4.836634215314288 -10.11922869005559
-4.836950415405362 -10.33239129503816
-4.837266385445712 -10.64430652343475
-4.837582125769841 -10.35427807118252
-4.837897636711522 -10.3302798226332
-4.838212918603801 -10.45020455167228
-4.838527971779 -10.16648789222013
-4.838842796568719 -10.24672675695689
-4.839157393303836 -10.10538540689709
-4.839471762314511 -10.28971191083786
-4.839785903930186 -10.34895562553681
-4.840099818479592 -10.50350752370882
-4.840413506290744 -10.3029672685506
-4.84072696769095 -10.1388749153606
-4.841040203006807 -10.66544358667793
-4.841353212564209 -10.31307302556338
-4.841665996688342 -10.18355083132793
-4.841978555703691 -10.19676535268784
-4.842290889934045 -10.0184967028393
-4.842602999702489 -10.26760379343157
-4.842914885331417 -10.57492717166673
-4.843226547142523 -10.50153606337801
-4.843537985456816 -10.41834516825362
-4.843849200594609 -10.65265521321007
-4.844160192875531 -10.09489559547752
-4.844470962618521 -10.47514403354757
-4.844781510141838 -10.46748110317005
-4.845091835763056 -10.13881085863411
-4.84540193979907 -10.14476249139505
-4.845711822566094 -10.29122576564662
-4.846021484379669 -10.37507311812812
-4.84633092555466 -10.24677101036963
-4.84664014640526 -10.35628853044331
-4.846949147244991 -10.34025792647572
-4.847257928386704 -10.72684442702204
-4.847566490142589 -10.18377603703753
-4.847874832824165 -10.31797351014523
-4.848182956742292 -10.15371192276315
-4.848490862207165 -10.46665779986792
-4.848798549528324 -10.16032066870775
-4.849106019014648 -10.01970870240452
-4.849413270974363 -10.07079721493058
-4.84972030571504 -10.27811107521414
-4.850027123543597 -10.53759997101183
-4.850333724766305 -10.25249628740607
-4.850640109688784 -10.6579574822729
-4.850946278616009 -10.05282885588488
-4.851252231852309 -10.72457983576345
-4.851557969701375 -10.25386009996797
-4.85186349246625 -10.22159163581569
-4.852168800449342 -10.33031180068831
-4.852473893952421 -11.08283956310266
-4.852778773276623 -10.78366391624449
-4.853083438722448 -10.72757252428996
-4.853387890589764 -10.28995837011628
-4.85369212917781 -10.26092700312945
-4.853996154785197 -10.66793461238625
-4.854299967709906 -10.19066225096955
-4.854603568249298 -10.35955399019388
-4.854906956700108 -10.11508218425458
-4.855210133358449 -10.28875746762089
-4.855513098519816 -10.02645416287016
-4.855815852479084 -10.21361712807311
-4.856118395530514 -10.84925333796662
-4.856420727967751 -10.38482973260465
-4.856722850083828 -10.2302827636115
-4.857024762171165 -10.51501078279676
-4.857326464521575 -10.68191752842343
-4.857627957426264 -10.03636698079451
-4.857929241175827 -10.5211063611284
-4.85823031606026 -10.18381579134707
-4.858531182368953 -10.53739551617362
-4.858831840390697 -10.15656132250788
-4.859132290413682 -10.28795480795679
-4.859432532725502 -10.5543627191471
-4.859732567613152 -10.59577199393869
-4.860032395363037 -11.16210702849201
-4.860332016260966 -10.24465191669655
-4.860631430592155 -10.0692619152099
-4.860930638641237 -10.24204697202862
-4.861229640692253 -10.1804364501976
-4.861528437028655 -10.45470757376125
-4.861827027933316 -10.57384142132459
-4.862125413688521 -10.38931233742267
-4.862423594575979 -10.22744191485012
-4.862721570876814 -10.4777016494065
-4.863019342871573 -10.64565204520832
-4.863316910840229 -10.3979279188133
-4.863614275062177 -10.5777528616892
-4.86391143581624 -10.44562395578871
-4.864208393380667 -10.64263046229935
-4.86450514803314 -10.40068581785068
-4.864801700050769 -10.25374678969641
-4.8650980497101 -10.82765029447225
-4.865394197287109 -10.80926281556674
-4.86569014305721 -10.71989979025923
-4.865985887295256 -10.16332169385766
-4.866281430275538 -10.14502736226497
-4.866576772271784 -10.37814533048108
-4.866871913557168 -10.71936379349691
-4.867166854404307 -10.33131721464046
-4.867461595085262 -10.52127766624297
-4.867756135871539 -10.34130940687761
-4.868050477034094 -10.45449126479887
-4.868344618843333 -10.35841563039935
-4.868638561569111 -10.73712161879086
-4.868932305480737 -10.45224186837433
-4.869225850846972 -10.33403160288391
-4.869519197936034 -10.42953653662656
-4.869812347015598 -10.28653669158947
-4.870105298352797 -11.04238897706685
-4.870398052214223 -10.32086283483179
-4.870690608865931 -10.46438118668639
-4.870982968573435 -9.984935806695667
-4.871275131601719 -10.29259805787497
-4.871567098215226 -10.31504551164563
-4.871858868677871 -10.49205850926105
-4.872150443253036 -9.978476493434181
-4.872441822203571 -10.49912667128098
-4.872733005791801 -10.19252219858856
-4.87302399427952 -10.12742088754237
-4.873314787927998 -10.50822815818168
-4.87360538699798 -9.9441049384592
-4.873895791749689 -10.27553545477973
-4.874186002442825 -10.58422936739879
-4.874476019336568 -10.52617471979729
-4.874765842689579 -9.887544779068776
-4.875055472760004 -10.36407060078679
-4.875344909805468 -10.29094443051556
-4.875634154083085 -10.61891126783444
-4.875923205849455 -10.1705062245774
-4.876212065360664 -10.14248495345993
-4.876500732872292 -9.928242642574777
-4.876789208639403 -10.66085606890913
-4.877077492916559 -10.21279941657831
-4.877365585957813 -10.70202070048445
-4.877653488016712 -10.30390349761268
-4.8779411993463 -10.22608056291332
-4.878228720199119 -9.91393126811972
-4.878516050827209 -10.50519160332749
-4.878803191482109 -10.53841542273392
-4.879090142414862 -10.67128854148745
-4.879376903876012 -10.59610288209077
-4.879663476115606 -10.72423921487844
-4.879949859383201 -10.75003638796351
-4.880236053927853 -9.950322149051773
-4.880522059998134 -10.42224695599577
-4.880807877842119 -10.56715989805172
-4.881093507707397 -10.60117945334482
-4.881378949841067 -10.05243778577829
-4.881664204489743 -10.53469182139092
-4.881949271899553 -10.7563066673132
-4.882234152316138 -10.8921516345792
-4.882518845984659 -10.6380197991539
-4.882803353149794 -10.35294798859761
-4.88308767405574 -10.42158329339162
-4.883371808946216 -10.8530085088177
-4.883655758064461 -10.02664637291198
-4.88393952165324 -10.33401547602529
-4.884223099954839 -10.24921020695511
-4.884506493211074 -10.17346044596497
-4.884789701663283 -10.44924440331337
-4.885072725552336 -10.24578403982317
-4.88535556511863 -10.10417084872184
-4.885638220602094 -10.50570266068121
-4.885920692242189 -10.27513052918779
-4.886202980277909 -10.43337059087253
-4.88648508494778 -10.60412562780856
-4.886767006489867 -10.73470739078705
-4.88704874514177 -10.08849598639913
-4.887330301140625 -10.7145200079984
-4.88761167472311 -10.58334083563288
-4.887892866125443 -10.24059298537489
-4.888173875583382 -10.25139042065307
-4.888454703332228 -10.90177851920655
-4.888735349606828 -10.8037658127623
-4.889015814641569 -10.02984593417525
-4.88929609867039 -10.17673321619341
-4.889576201926774 -10.50510982821959
-4.889856124643753 -10.62586062903017
-4.890135867053909 -10.61239614139646
-4.890415429389375 -10.52410513518146
-4.890694811881835 -10.52613747389721
-4.890974014762529 -10.35886323496164
-4.891253038262247 -10.28489641630511
-4.891531882611339 -10.27437667435187
-4.891810548039707 -10.19586328696081
-4.892089034776816 -10.01292382776367
-4.892367343051683 -9.87298955770247
-4.892645473092892 -10.45441369449942
-4.892923425128584 -10.41902161197383
-4.893201199386462 -10.01124169260009
-4.893478796093796 -10.93586015313913
-4.893756215477417 -10.5115420270225
-4.894033457763723 -10.08728613123616
-4.894310523178677 -10.20223742258675
-4.894587411947813 -10.75373927209993
-4.894864124296232 -10.11946637073932
-4.895140660448604 -10.3871105145754
-4.895417020629171 -10.48507554985746
-4.895693205061749 -10.11380139057475
-4.895969213969724 -10.27491208981205
-4.896245047576059 -10.44125295533315
-4.896520706103291 -10.06363361903757
-4.896796189773535 -10.4491901443108
-4.897071498808481 -9.939375083303981
-4.8973466334294 -10.1678440251346
-4.897621593857142 -10.75662040227483
-4.897896380312138 -10.62615104148148
-4.8981709930144 -10.53252382874588
-4.898445432183524 -10.53338083605591
-4.89871969803869 -9.793326909898306
-4.89899379079866 -10.31714707511623
-4.899267710681787 -10.18303131672994
-4.899541457906008 -10.22192024052031
-4.89981503268885 -10.61447894061345
-4.900088435247425 -10.40033629554061
-4.900361665798441 -10.05056434388092
-4.900634724558193 -10.58882388832203
-4.90090761174257 -10.51487033171028
-4.901180327567054 -10.49191555900261
-4.901452872246721 -9.963165205243726
-4.901725245996244 -10.45261630142419
-4.901997449029889 -11.2236541462266
-4.902269481561523 -10.10247774078093
-4.902541343804609 -10.1543832191605
-4.90281303597221 -10.50654389435824
-4.903084558276991 -10.47283335906006
-4.903355910931214 -10.26858395339374
-4.903627094146748 -10.2592806199264
-4.903898108135064 -10.72879476398295
-4.904168953107237 -10.73513623311419
-4.904439629273947 -9.9682261062115
-4.904710136845479 -10.29634744754476
-4.904980476031729 -10.12049475049227
-4.905250647042198 -10.48846093024804
-4.905520650085998 -10.42038274578945
-4.905790485371851 -10.36919277948482
-4.906060153108089 -10.90276605786475
-4.906329653502658 -10.24549033720355
-4.906598986763115 -10.55530856178425
-4.906868153096634 -10.41789121450427
-4.907137152710001 -10.06041387872664
-4.907405985809619 -10.09450492624678
-4.907674652601508 -10.36947605084641
-4.907943153291307 -10.47260425471512
-4.908211488084273 -10.23967184765088
-4.908479657185282 -10.08975101537201
-4.908747660798833 -10.49011363631468
-4.909015499129042 -10.32153156310725
-4.909283172379653 -10.70996634175865
-4.90955068075403 -10.29647052917455
-4.909818024455165 -10.14236615291018
-4.910085203685669 -10.27092956637451
-4.910352218647786 -10.47051995423719
-4.910619069543383 -10.44640088726722
-4.910885756573958 -10.60365692110983
-4.911152279940636 -10.16185498351792
-4.911418639844171 -10.50565168234558
-4.911684836484952 -10.55723210638297
-4.911950870062994 -10.07528167179924
-4.912216740777951 -9.951458314944484
-4.912482448829104 -10.69016629561383
-4.912747994415375 -10.08962653450364
-4.913013377735316 -10.09546588955009
-4.913278598987118 -10.3967049804886
-4.913543658368608 -10.7541442189138
-4.913808556077252 -10.03291291690731
-4.914073292310155 -10.11018995421469
-4.914337867264059 -10.11999487496424
-4.91460228113535 -10.20891628378717
-4.914866534120055 -10.51452176745188
-4.915130626413841 -10.19505525548925
-4.915394558212022 -10.27776863385946
-4.915658329709552 -10.655944069796
-4.915921941101034 -10.66613261609733
-4.916185392580712 -10.23440730503032
-4.916448684342482 -10.51554538564831
-4.916711816579886 -10.77593794639601
-4.916974789486111 -9.855934970870962
-4.917237603253997 -10.09370340134642
-4.917500258076033 -10.33600724465555
-4.91776275414436 -10.18131615385228
-4.918025091650768 -9.951412181745894
-4.918287270786703 -10.36455811840473
-4.918549291743261 -10.27929822100097
-4.918811154711197 -10.33453704109661
-4.919072859880916 -10.36548054298603
-4.919334407442482 -10.27046868674084
-4.919595797585615 -10.27716601706546
-4.919857030499694 -10.21272268745991
-4.920118106373755 -10.58810704321395
-4.920379025396492 -10.7241542610553
-4.920639787756262 -10.67072793975905
-4.920900393641083 -10.47879078156065
-4.92116084323863 -10.4094744785463
-4.921421136736248 -10.1669369876009
-4.921681274320938 -10.59526948830582
-4.921941256179369 -10.46346069633472
-4.922201082497875 -10.36501768903248
-4.922460753462456 -10.42545726119581
-4.922720269258776 -10.22370418024612
-4.922979630072169 -10.45427609279473
-4.923238836087637 -10.68064450003249
-4.923497887489849 -10.45087805694619
-4.923756784463145 -10.33626862473036
-4.924015527191536 -10.62350883252352
-4.924274115858703 -10.87601696242429
-4.924532550648 -9.93888095885408
-4.924790831742455 -10.15815698732119
-4.925048959324767 -10.1873040063843
-4.925306933577311 -10.55702689282793
-4.925564754682138 -10.55236880910378
-4.925822422820972 -9.872406188857678
-4.926079938175218 -10.5473667517085
-4.926337300925955 -10.18365238023001
-4.92659451125394 -10.37666618843937
-4.926851569339613 -10.06960815819908
-4.92710847536309 -10.61659869910616
-4.927365229504169 -10.26565764059404
-4.92762183194233 -10.37641030767114
-4.927878282856732 -10.38523985864297
-4.928134582426221 -10.38516903889709
-4.928390730829324 -10.53172263503158
-4.928646728244253 -10.31554078396278
-4.928902574848904 -10.54767846916618
-4.929158270820861 -10.19578230260854
-4.929413816337392 -10.77042378442321
-4.929669211575453 -9.97257194951834
-4.92992445671169 -9.927656918008008
-4.930179551922436 -10.75100688034629
-4.930434497383712 -10.92754509115397
-4.930689293271232 -10.1827866652992
-4.9309439397604 -10.47948324111422
-4.93119843702631 -10.20239145898549
-4.931452785243752 -10.29473154327568
-4.931706984587205 -10.83825769809566
-4.931961035230843 -10.3671976292326
-4.932214937348538 -10.1550548657503
-4.932468691113851 -10.24055606877076
-4.932722296700044 -9.951827125517633
-4.932975754280074 -10.22911673549005
-4.933229064026595 -10.09528931851109
-4.93348222611196 -10.97126574534319
-4.933735240708219 -10.63900038621125
-4.933988107987124 -10.36604804415849
-4.934240828120124 -10.09022229110176
-4.934493401278371 -10.1290669369183
-4.93474582763272 -10.21327543992444
-4.934998107353725 -9.905317464103227
-4.935250240611644 -10.34536044979071
-4.935502227576441 -9.929418311184561
-4.93575406841778 -10.4502127091223
-4.936005763305035 -10.07907533987219
-4.93625731240728 -10.08426547335278
-4.936508715893301 -10.44445512080709
-4.936759973931587 -10.41210730993568
-4.937011086690337 -10.18464778536744
-4.937262054337457 -9.939584805543001
-4.937512877040564 -10.28307999383537
-4.937763554966982 -10.68025696783636
-4.938014088283747 -10.41364370973104
-4.938264477157608 -10.09420983376317
-4.938514721755022 -10.27754840709436
-4.93876482224216 -10.19059344751928
-4.939014778784906 -10.26550299978708
-4.93926459154886 -10.37107871131984
-4.939514260699332 -10.34565797854662
-4.939763786401352 -10.26331196119339
-4.940013168819661 -10.12999571068848
-4.940262408118719 -10.0286941974834
-4.940511504462703 -10.59985052505907
-4.940760458015507 -10.3281919113709
-4.941009268940744 -10.24252836353281
-4.941257937401745 -10.41134145427941
-4.94150646356156 -10.1971052970703
-4.941754847582962 -10.29217526122964
-4.942003089628443 -10.18776439058235
-4.942251189860217 -10.24093545251881
-4.942499148440218 -10.14403971483734
-4.942746965530106 -10.48015349988086
-4.942994641291263 -10.68483172890742
-4.943242175884796 -10.32820910667503
-4.943489569471534 -10.1160939233707
-4.943736822212034 -10.25398122760336
-4.943983934266578 -10.93900789391461
-4.944230905795175 -10.48994040973803
-4.944477736957561 -10.10059969383267
-4.944724427913198 -10.41849996192204
-4.94497097882128 -10.46871934665484
-4.945217389840726 -10.64612567209981
-4.945463661130188 -9.93668079104385
-4.945709792848047 -10.23387740383628
-4.945955785152415 -10.62883198742735
-4.946201638201133 -10.58589017620309
-4.94644735215178 -10.50953072279878
-4.946692927161661 -10.17772303391144
-4.946938363387819 -10.5081737751328
-4.947183660987029 -10.25504947750321
-4.947428820115801 -10.44552172517384
-4.947673840930378 -10.84024905323989
-4.947918723586743 -10.53255669610417
-4.948163468240612 -10.38670273016159
-4.948408075047438 -10.55046963475758
-4.948652544162413 -10.95333646928706
-4.948896875740466 -10.35282003883954
-4.949141069936266 -10.32380504564693
-4.949385126904219 -10.33129084897402
-4.949629046798472 -10.03318997165077
-4.949872829772913 -10.74708466031888
-4.95011647598117 -10.19743487213408
-4.950359985576613 -10.42963701741164
-4.950603358712355 -10.06378995696784
-4.95084659554125 -10.74133506014177
-4.951089696215897 -10.26008021431049
-4.951332660888637 -10.05691705288974
-4.951575489711558 -10.42719737863964
-4.951818182836491 -9.832930965407471
-4.952060740415013 -10.3322042399563
-4.952303162598448 -10.34800957812727
-4.952545449537866 -10.21960202692815
-4.952787601384084 -10.36982107882128
-4.953029618287667 -10.30160073428753
-4.953271500398929 -11.01641541639865
-4.953513247867934 -10.13496424759229
-4.953754860844493 -10.53869702585403
-4.953996339478168 -10.39926916026487
-4.954237683918273 -9.905621538669756
-4.954478894313872 -10.11017472971718
-4.95471997081378 -10.16882514645458
-4.954960913566566 -10.7175313658354
-4.955201722720552 -10.2744573981492
-4.955442398423812 -10.40159625920164
-4.955682940824174 -10.12210033730648
-4.955923350069222 -10.8510973481614
-4.956163626306292 -10.45779153682573
-4.956403769682481 -10.28000784291512
-4.956643780344636 -10.40163333659361
-4.956883658439365 -10.35967648925446
-4.95712340411303 -9.975893064807437
-4.957363017511755 -10.67585216985594
-4.957602498781418 -10.52925285288365
-4.957841848067657 -10.12562713289799
-4.958081065515871 -10.38547405572985
-4.958320151271217 -10.34616001946174
-4.958559105478614 -9.92129913832127
-4.958797928282741 -10.72955976755284
-4.959036619828037 -10.54786824581027
-4.959275180258706 -10.33595812276394
-4.959513609718711 -10.66251820238617
-4.959751908351783 -10.62191099982799
-4.959990076301411 -10.21974555365551
-4.96022811371085 -10.80268236510326
-4.960466020723124 -10.28821735883995
-4.960703797481014 -10.5051715438569
-4.960941444127073 -10.55719688275682
-4.961178960803617 -10.04155888285997
-4.961416347652731 -10.45716663466807
-4.961653604816265 -11.07409630232562
-4.961890732435836 -10.72301569659167
-4.962127730652832 -10.56044421723486
-4.962364599608407 -10.53522476655624
-4.962601339443488 -10.20219325763852
-4.962837950298765 -10.43877286515899
-4.963074432314706 -10.48744061670105
-4.963310785631544 -10.33620483348146
-4.963547010389284 -10.09426644002635
-4.963783106727705 -10.5855446946134
-4.964019074786357 -10.32269823905807
-4.964254914704561 -10.19468180816206
-4.964490626621415 -10.21444744233949
-4.964726210675787 -10.31663097584875
-4.964961667006319 -10.21727365745988
-4.965196995751431 -10.30033716121879
-4.965432197049316 -10.11009147047782
-4.965667271037942 -10.52013504313277
-4.965902217855054 -10.55956451661116
-4.966137037638173 -10.31651953493543
-4.966371730524599 -10.30651873435548
-4.966606296651406 -10.53287234936708
-4.966840736155449 -10.25116769340175
-4.96707504917336 -10.00373587964923
-4.967309235841551 -9.75510254534727
-4.967543296296212 -10.17181195716057
-4.967777230673316 -10.07606854915378
-4.968011039108611 -10.31097599046633
-4.968244721737631 -10.50522709542993
-4.96847827869569 -10.14752700655496
-4.968711710117881 -10.23680925153596
-4.968945016139084 -9.794888760287185
-4.969178196893957 -10.16204085252599
-4.969411252516944 -10.61456428689611
-4.969644183142274 -10.25926704304354
-4.969876988903956 -9.898736115982715
-4.970109669935787 -10.49269299763777
-4.970342226371348 -10.39936106190109
-4.970574658344004 -9.965510328658857
-4.97080696598691 -9.81023416578028
-4.971039149433002 -10.00573930687409
-4.971271208815009 -10.45784964863859
-4.971503144265441 -10.10036452075209
-4.9717349559166 -10.26451468905093
-4.971966643900577 -10.33385736048918
-4.972198208349247 -9.838688827617283
-4.972429649394279 -10.33434619638073
-4.972660967167128 -9.907375279779037
-4.972892161799043 -10.31147775363158
-4.97312323342106 -10.20226776458858
-4.973354182164008 -10.15720795637399
-4.973585008158505 -9.964881499634078
-4.973815711534963 -10.17032419166126
-4.974046292423588 -9.883356376299199
-4.974276750954373 -10.13560353716995
-4.974507087257109 -10.53236774275355
-4.97473730146138 -10.15551953252077
-4.974967393696563 -10.40804587292348
-4.975197364091828 -9.831593518926166
-4.975427212776143 -10.62280627559255
-4.975656939878271 -10.61839179264453
-4.975886545526768 -9.928752424381903
-4.976116029849988 -10.17226623638531
-4.976345392976083 -9.787571817731752
-4.976574635033 -10.3624257863501
-4.976803756148483 -10.19609497045322
-4.977032756450076 -10.19012146563343
-4.977261636065121 -9.905867591496236
-4.977490395120757 -10.00939282714522
-4.977719033743925 -9.97363903354313
-4.977947552061362 -10.30823604463073
-4.978175950199609 -9.93443034877393
-4.978404228285004 -10.04041195151415
-4.978632386443688 -9.996449877371443
-4.978860424801603 -9.875154174455387
-4.979088343484491 -9.877269839834057
-4.9793161426179 -10.31334674995788
-4.979543822327176 -9.725580235266442
-4.979771382737471 -10.15146943159581
-4.979998823973739 -9.95745949405676
-4.980226146160739 -10.2221988252488
-4.980453349423032 -10.54130970910558
-4.980680433884986 -10.07559372678858
-4.980907399670773 -10.1059145770993
-4.981134246904371 -9.969084483526844
-4.981360975709562 -9.908692415901552
-4.981587586209935 -10.90314009897754
-4.981814078528888 -10.4057681155754
-4.982040452789624 -9.989195667106822
-4.982266709115153 -10.11107108741685
-4.982492847628293 -9.692810457645205
-4.982718868451673 -10.12544623332531
-4.982944771707724 -9.72785405643274
-4.983170557518695 -9.801581766413594
-4.983396226006637 -10.01902406495737
-4.983621777293415 -9.918666777571072
-4.983847211500702 -10.08699148334006
-4.984072528749984 -9.947343341250063
-4.984297729162554 -9.915311711601991
-4.984522812859521 -10.45569365845947
-4.984747779961804 -9.960166147022667
-4.984972630590133 -9.735849113232712
-4.985197364865051 -10.33771139482642
-4.985421982906916 -9.882991987514288
-4.985646484835897 -10.51531077427081
-4.985870870771977 -10.06478989552735
-4.986095140834954 -10.59408534499519
-4.98631929514444 -9.869803723286598
-4.986543333819863 -10.10457859583295
-4.986767256980466 -10.3969743089172
-4.986991064745305 -9.7633690990742
-4.987214757233255 -10.40453761739695
-4.987438334563006 -10.22582867301129
-4.987661796853065 -10.1395229835791
-4.987885144221758 -10.15155896395612
-4.988108376787225 -9.886990044562676
-4.988331494667427 -10.60107552935989
-4.988554497980141 -9.720524732523486
-4.988777386842965 -9.981908915447711
-4.989000161373315 -10.45539360774918
-4.989222821688426 -10.12300407517771
-4.989445367905351 -10.42249178627912
-4.989667800140968 -9.845155674687213
-4.989890118511972 -10.39313119501659
-4.990112323134878 -10.194261922004
-4.990334414126024 -10.01762989871608
-4.990556391601571 -10.31473289407584
-4.990778255677499 -10.20757086960851
-4.991000006469613 -10.52900827546409
-4.991221644093539 -10.50827943986586
-4.991443168664725 -10.45606556850191
-4.991664580298446 -10.10128649580329
-4.991885879109796 -10.46993125208311
-4.992107065213699 -10.40958466142545
-4.992328138724899 -10.00232199279636
-4.992549099757965 -9.814286352564199
-4.992769948427294 -10.35772558314474
-4.992990684847107 -10.50215161488229
-4.99321130913145 -9.940485664902447
-4.993431821394196 -9.870024215709602
-4.993652221749046 -10.07931922729134
-4.993872510309525 -10.23124576477811
-4.994092687188989 -10.37973730465582
-4.99431275250062 -10.4491616610479
-4.994532706357425 -9.955561722310007
-4.994752548872246 -9.937610303452816
-4.994972280157747 -10.05359896196988
-4.995191900326426 -10.0560422908766
-4.995411409490607 -9.662843407527715
-4.995630807762446 -9.947425994546236
-4.995850095253927 -10.42295951511978
-4.996069272076869 -10.00981256861061
-4.996288338342915 -10.32091835462311
-4.996507294163544 -10.01432237874499
-4.996726139650066 -10.03691913409667
-4.996944874913622 -9.959412800517271
-4.997163500065184 -10.50519623256767
-4.997382015215558 -10.09633146477169
-4.997600420475383 -10.02279003989559
-4.997818715955129 -10.13233405589944
-4.998036901765103 -10.01658820514119
-4.998254978015445 -10.68230480583324
-4.998472944816124 -10.04134484532539
-4.998690802276952 -10.20595526986464
-4.998908550507569 -10.19123965710397
-4.999126189617454 -10.15193198622367
-4.999343719715919 -10.46091706486775
-4.999561140912113 -10.58641914669551
-4.999778453315021 -10.63799780067562
-4.999995657033466 -10.1842654892168
