-1.0000000000000000 -2.4786423442181840 -2.7783684002091134 -1.4666351862517841 -2.9288833980410187 -1.4376618251373752 -1.3013919378963565 -3.6027838757928348
-2.0000000000000000 -4.4771364551347270 -4.7781534218559232 -2.4529986838576168 -4.9286684196176065 -2.4501033669365961 -2.3010336147875599 -6.6020672073031434
-3.0000000000000000 -6.4771214065405598 -6.7781512720203070 -3.4516898186657468 -6.9286663869464062 -3.4514002890687459 -3.3010300318620440 -9.6020214903737209
-4.0000000000000000 -8.4771212477158002 -8.7781512723096053 -4.4515594761023252 -8.9286381468739435 -4.4515305212630416 -4.3010299983039255 -16.2130191439424287
-5.0000000000000000 -10.4771212187859781 -10.7781483214774330 -5.4515475046940951 -10.8549988971545250 -5.4515440741642713 -5.3010299597356143 -16.2130191439424287
-6.0000000000000000 -12.4771790822837509 -12.7782090779477322 -6.4515520319799293 -10.2786044091886808 -6.4516813999048654 -6.3009913884008943 -16.2130191439424287
-7.0000000000000000 -14.5074317388487835 -14.7784985111353215 -7.4667810532506600 -9.0780385979327267 -7.4460253440609216 -7.3013772569479425 -16.2130191439424287
-8.0000000000000000 -inf -inf -8.5156643038057158 -8.5156643038057158 -8.5156643038057158 -16.2130191439424287 -16.2130191439424287
-9.0000000000000000 -inf -inf -7.1268808365711891 -7.7177357832219800 -7.4394126471785862 -16.2130191439424287 -16.2130191439424287
-10.0000000000000000 -inf -inf -6.7312169508638382 -6.4324750701265225 -6.0340764730436511 -16.2130191439424287 -16.2130191439424287
-11.0000000000000000 -inf -inf -5.2413300796278195 -6.7312169508638382 -5.2703956723169556 -16.2130191439424287 -16.2130191439424287
-12.0000000000000000 -inf -inf -5.2413300796362243 -5.2413300796362243 -5.2413300796362243 -16.2130191439424287 -16.2130191439424287
-13.0000000000000000 -inf -inf -3.9776314373983923 -3.9776314373983923 -3.9776314373983923 -16.2130191439424287 -16.2130191439424287
-14.0000000000000000 -inf -inf -2.1154155679437308 -2.6746566622617802 -2.4639525865712653 -16.2130191439424287 -16.2130191439424287
-15.0000000000000000 -inf -inf -1.3875025923200228 -1.8374898143816669 -1.1545959767340468 -16.2130191439424287 -16.2130191439424287
-16.0000000000000000 -inf -inf -0.1505149978319906 -0.8181699300414517 -0.3945697017387253 -16.2130191439424287 -16.2130191439424287
-17.0000000000000000 -inf -inf -0.1505149978319906 -0.1505149978319906 -0.1505149978319906 -16.2130191439424287 -16.2130191439424287
-18.0000000000000000 -inf -inf -0.1505149978319906 -0.1505149978319906 -0.1505149978319906 -16.2130191439424287 -16.2130191439424287
-19.0000000000000000 -inf -inf -0.1505149978319906 -0.1505149978319906 -0.1505149978319906 -16.2130191439424287 -16.2130191439424287
-20.0000000000000000 -inf -inf -0.1505149978319906 -0.1505149978319906 -0.1505149978319906 -16.2130191439424287 -16.2130191439424287
-21.0000000000000000 -inf -inf -0.1505149978319906 -0.1505149978319906 -0.1505149978319906 -16.2130191439424287 -16.2130191439424287
-22.0000000000000000 -inf -inf -0.1505149978319906 -0.1505149978319906 -0.1505149978319906 -16.2130191439424287 -16.2130191439424287
-23.0000000000000000 -inf -inf -0.1505149978319906 -0.1505149978319906 -0.1505149978319906 -16.2130191439424287 -16.2130191439424287
-24.0000000000000000 -inf -inf -0.1505149978319906 -0.1505149978319906 -0.1505149978319906 -16.2130191439424287 -16.2130191439424287
-25.0000000000000000 -inf -inf -0.1505149978319906 -0.1505149978319906 -0.1505149978319906 -16.2130191439424287 -16.2130191439424287
-26.0000000000000000 -inf -inf -0.1505149978319906 -0.1505149978319906 -0.1505149978319906 -16.2130191439424287 -16.2130191439424287
-27.0000000000000000 -inf -inf -0.1505149978319906 -0.1505149978319906 -0.1505149978319906 -16.2130191439424287 -16.2130191439424287
-28.0000000000000000 -inf -inf -0.1505149978319906 -0.1505149978319906 -0.1505149978319906 -16.2130191439424287 -16.2130191439424287
-29.0000000000000000 -inf -inf -0.1505149978319906 -0.1505149978319906 -0.1505149978319906 -16.2130191439424287 -16.2130191439424287
-30.0000000000000000 -inf -inf -0.1505149978319906 -0.1505149978319906 -0.1505149978319906 -16.2130191439424287 -16.2130191439424287
