-1.0000000000000000 -2.4786307811737061 -2.7783846855163574 -1.4666358232498169 -2.9289770126342773 -1.4376684427261353 -1.3013925552368164 -3.6034674644470215
-2.0000000000000000 -4.4765319824218750 -4.7775616645812988 -2.4537427425384521 -4.8573641777038574 -2.4503269195556641 -2.3009541034698486 -7.3594055175781250
-3.0000000000000000 -6.3216300010681152 -6.9236898422241211 -3.4674756526947021 -4.8862633705139160 -3.5019214153289795 -3.3215901851654053 -7.3594055175781250
-4.0000000000000000 -inf -inf -3.7085812091827393 -3.9896967411041260 -3.3974800109863281 -7.3594055175781250 -7.3594055175781250
-5.0000000000000000 -inf -inf -2.4234397411346436 -3.1014564037322998 -2.6598408222198486 -7.3594055175781250 -7.3594055175781250
-6.0000000000000000 -inf -inf -2.0888941287994385 -2.0888941287994385 -2.0888941287994385 -7.3594055175781250 -7.3594055175781250
-7.0000000000000000 -inf -inf -0.9544413089752197 -0.7282443046569824 -0.3142705857753754 -7.3594055175781250 -7.3594055175781250
-8.0000000000000000 -inf -inf -0.1505150049924850 -0.1505150049924850 -0.1505150049924850 -7.3594055175781250 -7.3594055175781250
-9.0000000000000000 -inf -inf -0.1505150049924850 -0.1505150049924850 -0.1505150049924850 -7.3594055175781250 -7.3594055175781250
-10.0000000000000000 -inf -inf -0.1505150049924850 -0.1505150049924850 -0.1505150049924850 -7.3594055175781250 -7.3594055175781250
-11.0000000000000000 -inf -inf -0.1505150049924850 -0.1505150049924850 -0.1505150049924850 -7.3594055175781250 -7.3594055175781250
-12.0000000000000000 -inf -inf -0.1505150049924850 -0.1505150049924850 -0.1505150049924850 -7.3594055175781250 -7.3594055175781250
-13.0000000000000000 -inf -inf -0.1505150049924850 -0.1505150049924850 -0.1505150049924850 -7.3594055175781250 -7.3594055175781250
-14.0000000000000000 -inf -inf -0.1505150049924850 -0.1505150049924850 -0.1505150049924850 -7.3594055175781250 -7.3594055175781250
-15.0000000000000000 -inf -inf -0.1505150049924850 -0.1505150049924850 -0.1505150049924850 -7.3594055175781250 -7.3594055175781250
-16.0000000000000000 -inf -inf -0.1505150049924850 -0.1505150049924850 -0.1505150049924850 -7.3594055175781250 -7.3594055175781250
-17.0000000000000000 -inf -inf -0.1505150049924850 -0.1505150049924850 -0.1505150049924850 -7.3594055175781250 -7.3594055175781250
-18.0000000000000000 -inf -inf -0.1505150049924850 -0.1505150049924850 -0.1505150049924850 -7.3594055175781250 -7.3594055175781250
-19.0000000000000000 -inf -inf -0.1505150049924850 -0.1505150049924850 -0.1505150049924850 -7.3594055175781250 -7.3594055175781250
-20.0000000000000000 -inf -inf -0.1505150049924850 -0.1505150049924850 -0.1505150049924850 -7.3594055175781250 -7.3594055175781250
-21.0000000000000000 -inf -inf -0.1505150049924850 -0.1505150049924850 -0.1505150049924850 -7.3594055175781250 -7.3594055175781250
-22.0000000000000000 -inf -inf -0.1505150049924850 -0.1505150049924850 -0.1505150049924850 -7.3594055175781250 -7.3594055175781250
-23.0000000000000000 -inf -inf -0.1505150049924850 -0.1505150049924850 -0.1505150049924850 -7.3594055175781250 -7.3594055175781250
-24.0000000000000000 -inf -inf -0.1505150049924850 -0.1505150049924850 -0.1505150049924850 -7.3594055175781250 -7.3594055175781250
-25.0000000000000000 -inf -inf -0.1505150049924850 -0.1505150049924850 -0.1505150049924850 -7.3594055175781250 -7.3594055175781250
-26.0000000000000000 -inf -inf -0.1505150049924850 -0.1505150049924850 -0.1505150049924850 -7.3594055175781250 -7.3594055175781250
-27.0000000000000000 -inf -inf -0.1505150049924850 -0.1505150049924850 -0.1505150049924850 -7.3594055175781250 -7.3594055175781250
-28.0000000000000000 -inf -inf -0.1505150049924850 -0.1505150049924850 -0.1505150049924850 -7.3594055175781250 -7.3594055175781250
-29.0000000000000000 -inf -inf -0.1505150049924850 -0.1505150049924850 -0.1505150049924850 -7.3594055175781250 -7.3594055175781250
-30.0000000000000000 -inf -inf -0.1505150049924850 -0.1505150049924850 -0.1505150049924850 -7.3594055175781250 -7.3594055175781250
