-1.0000000000000000 0.0909090909090909 0.0909090909090909 0.0906331195115396
-0.9775280898876404 0.1028256307421831 -0.0043263337820471 0.1030739505942375
-0.9550561797752808 0.1164306040122876 -0.0017722330749571 0.1164067476621780
-0.9325842696629212 0.1319518019820748 0.0424384363529136 0.1317632437592056
-0.9101123595505616 0.1496356198142824 0.0977219113478030 0.1494943503196779
-0.8876404494382020 0.1697424043642533 0.1496893559927822 0.1697186600447836
-0.8651685393258424 0.1925384745791789 0.1935982072233084 0.1925744378568154
-0.8426966292134828 0.2182838259803919 0.2299106195691190 0.2182894308529715
-0.8202247191011232 0.2472145789711203 0.2614053599467719 0.2471503289988658
-0.7977528089887636 0.2795195314331649 0.2914095152887408 0.2794281912290179
-0.7752808988764039 0.3153108629167509 0.3228149974118280 0.3152964790517277
-0.7528089887640443 0.3545902266509637 0.3576251441977900 0.3547635118592116
-0.7303370786516847 0.3972131785658171 0.3968414594275953 0.3976303013460341
-0.7078651685393251 0.4428569476145335 0.4405521221889099 0.4434770778633479
-0.6853932584269655 0.4909984577786610 0.4881244558790990 0.4916767347387389
-0.6629213483146059 0.5409104531517348 0.5384349359707326 0.5414303274564651
-0.6404494382022463 0.5916825973609355 0.5900941530162845 0.5918181979776567
-0.6179775280898867 0.6422708615713264 0.6416418324217796 0.6418598515670679
-0.5955056179775271 0.6915725984505570 0.6916997477886047 0.6905760633882098
-0.5730337078651675 0.7385178650421124 0.7390791755479521 0.7370475643989682
-0.5505617977528079 0.7821621914768582 0.7828452923457858 0.7804658334135860
-0.5280898876404483 0.8217644072922261 0.8223443395077141 0.8201728339572937
-0.5056179775280887 0.8568363039702711 0.8572010726550592 0.8556878504849811
-0.4831460674157291 0.8871577944222252 0.8872944713187749 0.8867208032496067
-0.4606741573033696 0.9127592586596689 0.9127192996747074 0.9131724887668521
-0.4382022471910100 0.9338791707951610 0.9337401988379189 0.9351230624365846
-0.4157303370786505 0.9509082063654951 0.9507437958037509 0.9528107309862663
-0.3932584269662909 0.9643307290906141 0.9641930158383860 0.9666030511060283
-0.3707865168539314 0.9746719322501975 0.9745865147480267 0.9769634461232143
-0.3483146067415718 0.9824554200021443 0.9824249937016554 0.9844155738977466
-0.3258426966292123 0.9881728295434543 0.9881851765658114 0.9895080324857173
-0.3033707865168527 0.9922648250401701 0.9923014451518855 0.9927816063464062
-0.2808988764044932 0.9951115432605810 0.9951545473818654 0.9947408682998569
-0.2584269662921336 0.9970301448658236 0.9970664074474058 0.9958314950989775
-0.2359550561797741 0.9982772316102229 0.9982998548500098 0.9964241605376563
-0.2134831460674145 0.9990542624280313 0.9990620230289678 0.9968053705206549
-0.1910112359550550 0.9995145521188209 0.9995102167119660 0.9971751273954707
-0.1685393258426954 0.9997708562652806 0.9997591778675705 0.9976508801058956
-0.1460674157303359 0.9999028868824379 0.9998888622149338 0.9982768519351676
-0.1235955056179763 0.9999643548382074 0.9999520436721728 0.9990375535257718
-0.1011235955056168 0.9999893067339389 0.9999812691443665 0.9998740952936034
-0.0786516853932572 0.9999976327333919 0.9999948719293322 1.0007018151502147
-0.0561797752808977 0.9999996856019457 1.0000019054503979 1.0014277346739324
-0.0337078651685381 0.9999999853314401 1.0000059722071493 1.0019664451114210
-0.0112359550561786 0.9999999999798785 1.0000079932351238 1.0022531953610925
0.0112359550561810 0.9999999999798785 1.0000079932351242 1.0022531953610938
0.0337078651685405 0.9999999853314401 1.0000059722071497 1.0019664451114187
0.0561797752809001 0.9999996856019457 1.0000019054503979 1.0014277346739313
0.0786516853932596 0.9999976327333919 0.9999948719293318 1.0007018151502156
0.1011235955056192 0.9999893067339389 0.9999812691443645 0.9998740952936068
0.1235955056179787 0.9999643548382074 0.9999520436721717 0.9990375535257726
0.1460674157303383 0.9999028868824379 0.9998888622149340 0.9982768519351700
0.1685393258426978 0.9997708562652806 0.9997591778675692 0.9976508801058993
0.1910112359550574 0.9995145521188207 0.9995102167119657 0.9971751273954756
0.2134831460674169 0.9990542624280313 0.9990620230289690 0.9968053705206490
0.2359550561797765 0.9982772316102226 0.9982998548500043 0.9964241605376568
0.2584269662921360 0.9970301448658236 0.9970664074474029 0.9958314950989907
0.2808988764044956 0.9951115432605808 0.9951545473818623 0.9947408682998736
0.3033707865168551 0.9922648250401697 0.9923014451518806 0.9927816063464230
0.3258426966292147 0.9881728295434536 0.9881851765658073 0.9895080324857205
0.3483146067415742 0.9824554200021437 0.9824249937016512 0.9844155738977670
0.3707865168539338 0.9746719322501968 0.9745865147480230 0.9769634461232272
0.3932584269662933 0.9643307290906127 0.9641930158383829 0.9666030511060469
0.4157303370786529 0.9509082063654934 0.9507437958037350 0.9528107309862759
0.4382022471910124 0.9338791707951589 0.9337401988379049 0.9351230624365889
0.4606741573033720 0.9127592586596665 0.9127192996746866 0.9131724887668712
0.4831460674157315 0.8871577944222222 0.8872944713187672 0.8867208032495879
0.5056179775280911 0.8568363039702676 0.8572010726550549 0.8556878504849722
0.5280898876404507 0.8217644072922221 0.8223443395077055 0.8201728339573426
0.5505617977528103 0.7821621914768536 0.7828452923457649 0.7804658334135837
0.5730337078651699 0.7385178650421075 0.7390791755479340 0.7370475643989561
0.5955056179775295 0.6915725984505516 0.6916997477885990 0.6905760633882075
0.6179775280898891 0.6422708615713210 0.6416418324217568 0.6418598515671051
0.6404494382022488 0.5916825973609300 0.5900941530162455 0.5918181979777715
0.6629213483146084 0.5409104531517294 0.5384349359707141 0.5414303274564271
0.6853932584269680 0.4909984577786557 0.4881244558791048 0.4916767347387906
0.7078651685393276 0.4428569476145284 0.4405521221888956 0.4434770778633083
0.7303370786516872 0.3972131785658123 0.3968414594275559 0.3976303013460460
0.7528089887640468 0.3545902266509592 0.3576251441977814 0.3547635118590501
0.7752808988764064 0.3153108629167469 0.3228149974117738 0.3152964790517648
0.7977528089887660 0.2795195314331613 0.2914095152885486 0.2794281912292066
0.8202247191011256 0.2472145789711169 0.2614053599467608 0.2471503289989305
0.8426966292134852 0.2182838259803890 0.2299106195690496 0.2182894308531938
0.8651685393258448 0.1925384745791763 0.1935982072233278 0.1925744378566797
0.8876404494382044 0.1697424043642510 0.1496893559928489 0.1697186600448729
0.9101123595505640 0.1496356198142803 0.0977219113477006 0.1494943503196639
0.9325842696629236 0.1319518019820729 0.0424384363528197 0.1317632437589633
0.9550561797752832 0.1164306040122861 -0.0017722330749275 0.1164067476623366
0.9775280898876428 0.1028256307421817 -0.0043263337820512 0.1030739505939844
1.0000000000000024 0.0909090909090897 0.0909090909091711 0.0906331195110577
