------------------- A -------------------------
          1        -20         30         -4
          2        -40         -6         50
          9       -180         11        -12
        -16         15       -140         13



Eliminacja gaussa z czêsciowym wyborem el. podstawowego: 
-------------------  Etap: 0 -------------------------
          1        -20         30         -4
          2        -40         -6         50
          9       -180         11        -12
        -16         15       -140         13



-------------------  Etap: 1 -------------------------
          1        -20         30         -4
          0          0        -66         58
          0          0       -259         24
          0       -305        340        -51



-------------------  Etap: 2 -------------------------
          1        -20         30         -4
          0       -305        340        -51
          0          0       -259         24
          0          0        -66         58



-------------------  Etap: 3 -------------------------
          1        -20         30         -4
          0       -305        340        -51
          0          0       -259         24
          0          0          0    51.8842



------------------- U -------------------------
          1        -20         30         -4
          0       -305        340        -51
          0          0       -259         24
          0          0          0    51.8842



------------------- L -------------------------
          1          0          0          0
        -16          1          0          0
          9         -0          1          0
          2         -0   0.254826          1



------------------- Macierz przekszta³ceñ wierszy -------------------------
          1          0          0          0
          0          0          0          1
          0          0          1          0
          0          1          0          0







 WYNIK:
------------------- b (przekszta³cone) -------------------------
35
-354
-366
104



------------------- y -------------------------
35
206
-681
207.537



------------------- x -------------------------
1
2
3
4



