------------------------------------  Metoda_Picarda_Fun1, xn=6  --------------------------------------
    n |         x_n1           |          e_n           |       residuum         |
    1 |     0.9949962483002227 |     5.0050037516997774 |     0.9343858869276028 |
    2 |     0.0606103613726199 |     0.9343858869276028 |     0.0603807779501800 |
    3 |     0.0002295834224399 |     0.0603807779501800 |     0.0002295801281557 |
    4 |     0.0000000032942842 |     0.0002295801281557 |     0.0000000032942842 |
    5 |     0.0000000000000000 |     0.0000000032942842 |     0.0000000000000000 |
--------------------kryterium wiarygodnoœci Xn jako przybli¿enia X*---------------- 
f(x) = 0 ---> 
x = 0.0000000000000000



------------------------------------  Metoda_Picarda_Fun2, xn=0.6  --------------------------------------
    n |         x_n1           |          e_n           |       residuum         |
fi(x) nie jest zwezajace i nie zachodzi zbieznosc iteracji.




---------------------  Metoda_Bisekcji_Fun1, a=-10, b=111  ---------------------------
    n |         x_n1           |          e_n           |       residuum         |
    1 |    50.5000000000000000 |    60.5000000000000000 |    50.4965665319187451 |
    2 |    20.2500000000000000 |    30.2500000000000000 |    19.3676504365839328 |
    3 |     5.1250000000000000 |    15.1250000000000000 |     4.2065202234608527 |
    4 |    -2.4375000000000000 |     7.5625000000000000 |     2.7650903241337272 |
    5 |     1.3437500000000000 |     3.7812500000000000 |     1.2350779700131365 |
    6 |    -0.5468750000000000 |     1.8906250000000000 |     0.5654508426453102 |
    7 |     0.3984375000000000 |     0.9453125000000000 |     0.3885482445737841 |
    8 |    -0.0742187500000000 |     0.4726562500000000 |     0.0745629869212832 |
    9 |     0.1621093750000000 |     0.2363281250000000 |     0.1604678084427380 |
   10 |     0.0439453125000000 |     0.1181640625000000 |     0.0438246179503672 |
   11 |    -0.0151367187500000 |     0.0590820312500000 |     0.0151510386975531 |
   12 |     0.0144042968750000 |     0.0295410156250000 |     0.0143913291955250 |
   13 |    -0.0003662109375000 |     0.0147705078125000 |     0.0003662193194031 |
   14 |     0.0070190429687500 |     0.0073852539062500 |     0.0070159637866481 |
   15 |     0.0033264160156250 |     0.0036926269531250 |     0.0033257244505651 |
   16 |     0.0014801025390625 |     0.0018463134765625 |     0.0014799656200984 |
   17 |     0.0005569458007813 |     0.0009231567382813 |     0.0005569264139923 |
   18 |     0.0000953674316406 |     0.0004615783691406 |     0.0000953668632064 |
   19 |    -0.0001354217529297 |     0.0002307891845703 |     0.0001354228991204 |
   20 |    -0.0000200271606445 |     0.0001153945922852 |     0.0000200271857125 |
   21 |     0.0000376701354980 |     0.0000576972961426 |     0.0000376700468081 |
   22 |     0.0000088214874268 |     0.0000288486480713 |     0.0000088214825631 |
   23 |    -0.0000056028366089 |     0.0000144243240356 |     0.0000056028385709 |
   24 |     0.0000016093254089 |     0.0000072121620178 |     0.0000016093252471 |
   25 |    -0.0000019967556000 |     0.0000036060810089 |     0.0000019967558492 |
   26 |    -0.0000001937150955 |     0.0000018030405045 |     0.0000001937150979 |
   27 |     0.0000007078051567 |     0.0000009015202522 |     0.0000007078051254 |
   28 |     0.0000002570450306 |     0.0000004507601261 |     0.0000002570450265 |
   29 |     0.0000000316649675 |     0.0000002253800631 |     0.0000000316649675 |
   30 |    -0.0000000810250640 |     0.0000001126900315 |     0.0000000810250644 |
   31 |    -0.0000000246800482 |     0.0000000563450158 |     0.0000000246800483 |
   32 |     0.0000000034924597 |     0.0000000281725079 |     0.0000000034924597 |
   33 |    -0.0000000105937943 |     0.0000000140862539 |     0.0000000105937943 |
   34 |    -0.0000000035506673 |     0.0000000070431270 |     0.0000000035506673 |
   35 |    -0.0000000000291038 |     0.0000000035215635 |     0.0000000000291038 |
   36 |     0.0000000017316779 |     0.0000000017607817 |     0.0000000017316779 |
   37 |     0.0000000008512870 |     0.0000000008803909 |     0.0000000008512870 |
   38 |     0.0000000004110916 |     0.0000000004401954 |     0.0000000004110916 |
   39 |     0.0000000001909939 |     0.0000000002200977 |     0.0000000001909939 |
   40 |     0.0000000000809450 |     0.0000000001100489 |     0.0000000000809450 |
   41 |     0.0000000000259206 |     0.0000000000550244 |     0.0000000000259206 |
   42 |    -0.0000000000015916 |     0.0000000000275122 |     0.0000000000015916 |
   43 |     0.0000000000121645 |     0.0000000000137561 |     0.0000000000121645 |
   44 |     0.0000000000052864 |     0.0000000000068781 |     0.0000000000052864 |
   45 |     0.0000000000018474 |     0.0000000000034390 |     0.0000000000018474 |
   46 |     0.0000000000001279 |     0.0000000000017195 |     0.0000000000001279 |
   47 |    -0.0000000000007319 |     0.0000000000008598 |     0.0000000000007319 |
   48 |    -0.0000000000003020 |     0.0000000000004299 |     0.0000000000003020 |
   49 |    -0.0000000000000870 |     0.0000000000002149 |     0.0000000000000870 |
   50 |     0.0000000000000204 |     0.0000000000001075 |     0.0000000000000204 |
   51 |    -0.0000000000000333 |     0.0000000000000537 |     0.0000000000000333 |
   52 |    -0.0000000000000064 |     0.0000000000000269 |     0.0000000000000064 |
   53 |     0.0000000000000070 |     0.0000000000000134 |     0.0000000000000070 |
   54 |     0.0000000000000003 |     0.0000000000000067 |     0.0000000000000003 |
--------------------kryterium wiarygodnoœci Xn jako przybli¿enia X*---------------- 
f(x) = 0 ---> x = 0.0000000000000003



---------------------  Metoda_Bisekcji_Fun2, a=-0.4, b=0.5  ---------------------------
    n |         x_n1           |          e_n           |       residuum         |
    1 |     0.0500000000000000 |     0.4500000000000000 |     0.9496653279145495 |
    2 |     0.2750000000000000 |     0.2250000000000000 |     0.6618947867118643 |
    3 |     0.3875000000000000 |     0.1125000000000000 |     0.4080830427833912 |
    4 |     0.4437500000000000 |     0.0562500000000000 |     0.2154417258845570 |
    5 |     0.4718750000000000 |     0.0281250000000000 |     0.0918043167457553 |
    6 |     0.4859375000000000 |     0.0140625000000000 |     0.0208528908505695 |
    7 |     0.4929687500000000 |     0.0070312500000000 |     0.0172969679542176 |
    8 |     0.4894531250000000 |     0.0035156250000000 |     0.0020142298913988 |
    9 |     0.4912109375000000 |     0.0017578125000000 |     0.0075812293364785 |
   10 |     0.4903320312500000 |     0.0008789062500000 |     0.0027686008600517 |
   11 |     0.4898925781250000 |     0.0004394531250000 |     0.0003734776000597 |
   12 |     0.4896728515625001 |     0.0002197265625000 |     0.0008213010237125 |
   13 |     0.4897827148437500 |     0.0001098632812500 |     0.0002241431924811 |
   14 |     0.4898376464843750 |     0.0000549316406250 |     0.0000746093009403 |
   15 |     0.4898101806640625 |     0.0000274658203125 |     0.0000747814173952 |
   16 |     0.4898239135742187 |     0.0000137329101562 |     0.0000000896766447 |
   17 |     0.4898307800292969 |     0.0000068664550781 |     0.0000372589074798 |
   18 |     0.4898273468017578 |     0.0000034332275391 |     0.0000185843892584 |
   19 |     0.4898256301879882 |     0.0000017166137695 |     0.0000092472997681 |
   20 |     0.4898247718811035 |     0.0000008583068848 |     0.0000045787974274 |
   21 |     0.4898243427276611 |     0.0000004291534424 |     0.0000022445568578 |
   22 |     0.4898241281509399 |     0.0000002145767212 |     0.0000010774392230 |
   23 |     0.4898240208625793 |     0.0000001072883606 |     0.0000004938810684 |
   24 |     0.4898239672183990 |     0.0000000536441803 |     0.0000002021021568 |
   25 |     0.4898239403963089 |     0.0000000268220902 |     0.0000000562127423 |
   26 |     0.4898239269852638 |     0.0000000134110451 |     0.0000000167319547 |
   27 |     0.4898239336907864 |     0.0000000067055226 |     0.0000000197403931 |
   28 |     0.4898239303380251 |     0.0000000033527613 |     0.0000000015042189 |
   29 |     0.4898239286616444 |     0.0000000016763806 |     0.0000000076138680 |
   30 |     0.4898239294998348 |     0.0000000008381903 |     0.0000000030548244 |
   31 |     0.4898239299189299 |     0.0000000004190951 |     0.0000000007753027 |
   32 |     0.4898239301284775 |     0.0000000002095476 |     0.0000000003644580 |
   33 |     0.4898239300237037 |     0.0000000001047738 |     0.0000000002054221 |
   34 |     0.4898239300760906 |     0.0000000000523869 |     0.0000000000795178 |
   35 |     0.4898239300498972 |     0.0000000000261934 |     0.0000000000629523 |
   36 |     0.4898239300629939 |     0.0000000000130967 |     0.0000000000082827 |
   37 |     0.4898239300564455 |     0.0000000000065483 |     0.0000000000273346 |
   38 |     0.4898239300597197 |     0.0000000000032742 |     0.0000000000095258 |
   39 |     0.4898239300613568 |     0.0000000000016371 |     0.0000000000006216 |
   40 |     0.4898239300621753 |     0.0000000000008185 |     0.0000000000038304 |
   41 |     0.4898239300617661 |     0.0000000000004093 |     0.0000000000016046 |
   42 |     0.4898239300615614 |     0.0000000000002046 |     0.0000000000004916 |
   43 |     0.4898239300614591 |     0.0000000000001023 |     0.0000000000000651 |
   44 |     0.4898239300615103 |     0.0000000000000512 |     0.0000000000002133 |
   45 |     0.4898239300614847 |     0.0000000000000256 |     0.0000000000000741 |
   46 |     0.4898239300614718 |     0.0000000000000128 |     0.0000000000000043 |
   47 |     0.4898239300614655 |     0.0000000000000064 |     0.0000000000000304 |
   48 |     0.4898239300614686 |     0.0000000000000032 |     0.0000000000000131 |
   49 |     0.4898239300614702 |     0.0000000000000016 |     0.0000000000000045 |
   50 |     0.4898239300614711 |     0.0000000000000008 |     0.0000000000000000 |
--------------------kryterium dok³adnoœci wyznaczenia Xn----------------- 
f(x) = 0 ---> x = 0.4898239300614711



---------------------  Metoda_Newtona_Fun1, xn=1000  ---------------------------
    n |         x_n            |          e_n           |       residuum         |
    1 |   105.5424324285299917 |   894.4575675714700083 |   104.6401514678610454 |
    2 |   -17.3420301710807507 |   122.8844625996107425 |    18.2065895577068027 |
    3 |    -1.7954164079939474 |    15.5466137630868033 |     1.9837146281287470 |
    4 |    -0.1360638291310114 |     1.6593525788629360 |     0.1372204682675504 |
    5 |    -0.0011364333202499 |     0.1349273958107616 |     0.0011365140377909 |
    6 |    -0.0000000807060721 |     0.0011363526141778 |     0.0000000807060725 |
    7 |    -0.0000000000000004 |     0.0000000807060717 |     0.0000000000000004 |
--------------------kryterium wiarygodnoœci Xn jako przybli¿enia X*---------------- 
f(x) = 0 ---> x = -0.0000000000000004



---------------------  Metoda_Newtona_Fun2, xn=0.6  ---------------------------
    n |         x_n            |          e_n           |       residuum         |
    1 |     0.5316922045553949 |     0.0683077954446051 |     0.2669796722966205 |
    2 |     0.4959540639522155 |     0.0357381406031794 |     0.0340791856170133 |
    3 |     0.4899563228949385 |     0.0059977410572770 |     0.0007204410201264 |
    4 |     0.4898239918887101 |     0.0001323310062284 |     0.0000003362877430 |
    5 |     0.4898239300614846 |     0.0000000618272256 |     0.0000000000000736 |
    6 |     0.4898239300614711 |     0.0000000000000135 |     0.0000000000000000 |
--------------------kryterium wiarygodnoœci Xn jako przybli¿enia X*---------------- 
f(x) = 0 ---> x = 0.4898239300614711



---------------------  Metoda_Siecznych_Fun1, xn=0.6, xn1=0.4  ---------------------------
    n |         x_n2           |          e_n           |       residuum         |
    1 |    -0.0157362764157976 |     0.4157362764157976 |     0.0157517532356676 |
    2 |     0.0004017635731056 |     0.0161380399889031 |     0.0004017534847326 |
    3 |     0.0000003947610874 |     0.0004013688120182 |     0.0000003947610776 |
    4 |    -0.0000000000099128 |     0.0000003947710001 |     0.0000000000099128 |
    5 |     0.0000000000000000 |     0.0000000000099128 |     0.0000000000000000 |
--------------------kryterium wiarygodnoœci Xn jako przybli¿enia X*---------------- 
f(x) = 0 ---> x = 0.0000000000000000



---------------------  Metoda_Siecznych_Fun2, xn=0.6, xn1=0.5  ---------------------------
    n |         x_n2           |          e_n           |       residuum         |
    1 |     0.4937241751692915 |     0.0062758248307085 |     0.0215098358558411 |
    2 |     0.4899637322439659 |     0.0037604429253255 |     0.0007607803079633 |
    3 |     0.4898258526705942 |     0.0001378795733717 |     0.0000104574316510 |
    4 |     0.4898239310095865 |     0.0000019216610077 |     0.0000000051569428 |
    5 |     0.4898239300614775 |     0.0000000009481090 |     0.0000000000000347 |
    6 |     0.4898239300614711 |     0.0000000000000064 |     0.0000000000000000 |
--------------------kryterium wiarygodnoœci Xn jako przybli¿enia X*---------------- 
f(x) = 0 ---> x = 0.4898239300614711



