-----------------------------------------------------   Jacobiego   -------------------------------------------------------
    n |          x1            |          x2            |          x3            |          x4            |          e_n           |       residuum         |
    0 |     2.0000000000000000 |     2.0000000000000000 |     2.0000000000000000 |     2.0000000000000000 |------------------------|------------------------|
    1 |     1.2000000000000000 |    -1.1500000000000001 |     3.0666666666666669 |    -2.9550000000000001 |     4.9550000000000001 |    29.8416666666667254 |
    2 |     0.9985166666666666 |    -1.0007916666666667 |     3.0042333333333335 |    -3.0043750000000000 |     0.2014833333333333 |     1.7250916666666853 |
    3 |     0.9997761666666666 |    -0.9997985416666668 |     2.9999131666666665 |    -3.0000622708333333 |     0.0043201666666670 |     0.0401038124999786 |
    4 |     1.0000018831249999 |    -0.9999990607291668 |     2.9999945762500002 |    -2.9999945005208333 |     0.0002257164583334 |     0.0021682021874767 |
    5 |     1.0000002828520833 |    -1.0000002553776044 |     3.0000001100201388 |    -2.9999999210263022 |     0.0000055337701386 |     0.0000508378808490 |
    6 |     0.9999999976150320 |    -1.0000000011882002 |     3.0000000068701893 |    -3.0000000069639130 |     0.0000002852370513 |     0.0000027455578220 |
    7 |     0.9999999996417968 |    -0.9999999996765736 |     2.9999999998606648 |    -3.0000000001000182 |     0.0000000070095245 |     0.0000000643843521 |
    8 |     1.0000000000030203 |    -0.9999999999984953 |     2.9999999999912994 |    -2.9999999999911808 |     0.0000000003612235 |     0.0000000034769982 |
    9 |     1.0000000000004536 |    -1.0000000000004097 |     3.0000000000001763 |    -2.9999999999998734 |     0.0000000000088769 |     0.0000000000815703 |
   10 |     0.9999999999999961 |    -1.0000000000000020 |     3.0000000000000111 |    -3.0000000000000111 |     0.0000000000004575 |     0.0000000000045475 |
   11 |     0.9999999999999993 |    -0.9999999999999996 |     3.0000000000000000 |    -3.0000000000000000 |     0.0000000000000111 |     0.0000000000000853 |
   12 |     1.0000000000000000 |    -1.0000000000000000 |     3.0000000000000000 |    -3.0000000000000000 |     0.0000000000000007 |     0.0000000000000000 |
--------------------Spe³niono Warunek dokladnosci X* oraz warunek residuum-------------------

------------------- WYNIK -------------------------
1.0000000000000000
-1.0000000000000000
3.0000000000000000
-3.0000000000000000



-----------------------------------------------------   Gaussa-Seidela   -------------------------------------------------------
    n |          x1            |          x2            |          x3            |          x4            |          e_n           |       residuum         |
    0 |     2.0000000000000000 |     2.0000000000000000 |     2.0000000000000000 |     2.0000000000000000 |------------------------|------------------------|
    1 |     1.2000000000000000 |    -1.1460000000000001 |     3.1032799999999998 |    -3.0048741999999997 |     5.0048741999999997 |    30.0292451999998775 |
    2 |     0.9963281740000000 |    -0.9977941858700001 |     2.9998486263049333 |    -2.9999426180229487 |     0.2036718260000000 |     0.4383834046655295 |
    3 |     1.0000268070745129 |    -1.0000045960587003 |     3.0000013876341538 |    -3.0000002793183049 |     0.0036986330745129 |     0.0026889167332200 |
    4 |     0.9999999179071807 |    -0.9999999648538953 |     2.9999999933977337 |    -2.9999999988459436 |     0.0000268891673322 |     0.0000082610947345 |
    5 |     1.0000000005181280 |    -1.0000000001634874 |     3.0000000000287153 |    -3.0000000000063602 |     0.0000000826109473 |     0.0000000520527976 |
    6 |     0.9999999999975999 |    -0.9999999999992548 |     2.9999999999998468 |    -2.9999999999999702 |     0.0000000005205281 |     0.0000000002411440 |
    7 |     1.0000000000000113 |    -1.0000000000000040 |     3.0000000000000004 |    -3.0000000000000000 |     0.0000000000024114 |     0.0000000000011369 |
    8 |     0.9999999999999999 |    -1.0000000000000002 |     3.0000000000000000 |    -3.0000000000000000 |     0.0000000000000114 |     0.0000000000000568 |
    9 |     0.9999999999999999 |    -1.0000000000000002 |     3.0000000000000000 |    -3.0000000000000000 |     0.0000000000000000 |     0.0000000000000568 |
   10 |     0.9999999999999999 |    -1.0000000000000002 |     3.0000000000000000 |    -3.0000000000000000 |     0.0000000000000000 |     0.0000000000000568 |
   11 |     0.9999999999999999 |    -1.0000000000000002 |     3.0000000000000000 |    -3.0000000000000000 |     0.0000000000000000 |     0.0000000000000568 |
   12 |     0.9999999999999999 |    -1.0000000000000002 |     3.0000000000000000 |    -3.0000000000000000 |     0.0000000000000000 |     0.0000000000000568 |
   13 |     0.9999999999999999 |    -1.0000000000000002 |     3.0000000000000000 |    -3.0000000000000000 |     0.0000000000000000 |     0.0000000000000568 |
   14 |     0.9999999999999999 |    -1.0000000000000002 |     3.0000000000000000 |    -3.0000000000000000 |     0.0000000000000000 |     0.0000000000000568 |
   15 |     0.9999999999999999 |    -1.0000000000000002 |     3.0000000000000000 |    -3.0000000000000000 |     0.0000000000000000 |     0.0000000000000568 |
--------------------Spe³niono warunek iloœci iteracji-------------------

------------------- WYNIK -------------------------
0.9999999999999999
-1.0000000000000002
3.0000000000000000
-3.0000000000000000



-----------------------------------------------------   SOR   -------------------------------------------------------
    n |          x1            |          x2            |          x3            |          x4            |          e_n           |       residuum         |
    0 |     2.0000000000000000 |     2.0000000000000000 |     2.0000000000000000 |     2.0000000000000000 |------------------------|------------------------|
    1 |     1.6000000000000001 |     0.4260000000000000 |     2.5424933333333337 |    -0.4899062000000001 |     2.4899062000000001 |   995.9624799999999141 |
    2 |     1.3493564736666666 |    -0.3238246303508333 |     2.7930042904478949 |    -1.7404846228943021 |     1.2505784228943020 |   500.2313691577206782 |
    3 |     1.1990218014336855 |    -0.6802237689883431 |     2.9076288634597054 |    -2.3682972582346524 |     0.6278126353403504 |   251.1250541361399655 |
    4 |     1.1115090343637841 |    -0.8492106527175507 |     2.9594978936135026 |    -2.6833205887777765 |     0.3150233305431240 |   126.0093322172497210 |
    5 |     1.0616636761505025 |    -0.9291229992532943 |     2.9826487731678304 |    -2.8413184177185444 |     0.1579978289407680 |    63.1991315763070816 |
    6 |     1.0337399590815282 |    -0.9668028815711909 |     2.9928023548141427 |    -2.9205242693767541 |     0.0792058516582097 |    31.6823406632836395 |
    7 |     1.0183000775441153 |    -0.9845126140641048 |     2.9971536857322119 |    -2.9602126164600602 |     0.0396883470833060 |    15.8753388333220755 |
    8 |     1.0098527495975140 |    -0.9928067443429732 |     2.9989596041624500 |    -2.9800904952243830 |     0.0198778787643228 |     7.9511515057288307 |
    9 |     1.0052713876070518 |    -0.9966758234085749 |     2.9996743072437284 |    -2.9900417965163495 |     0.0099513012919665 |     3.9805205167865552 |
   10 |     1.0028049446663005 |    -0.9984726585370616 |     2.9999359031958353 |    -2.9950213901904990 |     0.0049795936741495 |     1.9918374696596857 |
   11 |     1.0014854291556490 |    -0.9993029164320804 |     3.0000180419027451 |    -2.9975120439965544 |     0.0024906538060554 |     0.9962615224221736 |
   12 |     1.0007833389166882 |    -0.9996843355943474 |     3.0000344072117580 |    -2.9987572446707675 |     0.0012452006742132 |     0.4980802696854880 |
   13 |     1.0004115450381932 |    -0.9998583870292670 |     3.0000300588894939 |    -2.9993795059898813 |     0.0006222613191138 |     0.2489045276452089 |
   14 |     1.0002154874052072 |    -0.9999371878193780 |     3.0000215339283276 |    -2.9996903300010436 |     0.0003108240111622 |     0.1243296044651743 |
   15 |     1.0001124874742078 |    -0.9999725306640782 |     3.0000140554934944 |    -2.9998455205614016 |     0.0001551905603581 |     0.0620762241433113 |
   16 |     1.0000585577204275 |    -0.9999882021643878 |     3.0000086890812971 |    -2.9999229713037900 |     0.0000774507423884 |     0.0309802969547945 |
   17 |     1.0000304063890220 |    -0.9999950530660560 |     3.0000051832026813 |    -2.9999616076315370 |     0.0000386363277469 |     0.0154545310986123 |
   18 |     1.0000157519826809 |    -0.9999979939855635 |     3.0000030146582048 |    -2.9999808729580497 |     0.0000192653265128 |     0.0077061306051291 |
   19 |     1.0000081427804597 |    -0.9999992262911752 |     3.0000017205840646 |    -2.9999904750831519 |     0.0000096021251021 |     0.0038408500408877 |
   20 |     1.0000042009266861 |    -0.9999997255035242 |     3.0000009677143131 |    -2.9999952588373056 |     0.0000047837541537 |     0.0019135016614200 |
   21 |     1.0000021632761227 |    -0.9999999177473430 |     3.0000005379313528 |    -2.9999976410513440 |     0.0000023822140385 |     0.0009528856155612 |
   22 |     1.0000011120542409 |    -0.9999999857613517 |     3.0000002961670864 |    -2.9999988268281372 |     0.0000011857767932 |     0.0004743107169816 |
   23 |     1.0000005707342208 |    -1.0000000060104888 |     3.0000001617577792 |    -2.9999994168050712 |     0.0000005899769340 |     0.0002359907732625 |
   24 |     1.0000002924674041 |    -1.0000000094087715 |     3.0000000877484556 |    -2.9999997102162066 |     0.0000002934111354 |     0.0001173644543542 |
   25 |     1.0000001496559305 |    -1.0000000078233384 |     3.0000000473230743 |    -2.9999998560731322 |     0.0000001458569256 |     0.0000583427699894 |
   26 |     1.0000000764745207 |    -1.0000000054287106 |     3.0000000253919126 |    -2.9999999285477146 |     0.0000000731814098 |     0.0000289898327992 |
   27 |     1.0000000390279820 |    -1.0000000034511596 |     3.0000000135635800 |    -2.9999999645435089 |     0.0000000374465388 |     0.0000143983177168 |
   28 |     1.0000000198929466 |    -1.0000000020828823 |     3.0000000072165509 |    -2.9999999824134953 |     0.0000000191350353 |     0.0000071479944381 |
   29 |     1.0000000101276909 |    -1.0000000012144261 |     3.0000000038259955 |    -2.9999999912810118 |     0.0000000097652557 |     0.0000035470063722 |
   30 |     1.0000000051502982 |    -1.0000000006908163 |     3.0000000020219608 |    -2.9999999956793020 |     0.0000000049773927 |     0.0000017593158645 |
   31 |     1.0000000026162859 |    -1.0000000003857379 |     3.0000000010654801 |    -2.9999999978598639 |     0.0000000025340123 |     0.0000008722247458 |
   32 |     1.0000000013276615 |    -1.0000000002122849 |     3.0000000005599823 |    -2.9999999989404378 |     0.0000000012886243 |     0.0000004322293989 |
   33 |     1.0000000006730629 |    -1.0000000001154699 |     3.0000000002935998 |    -2.9999999994756665 |     0.0000000006545986 |     0.0000002140914148 |
   34 |     1.0000000003408831 |    -1.0000000000622054 |     3.0000000001535945 |    -2.9999999997406523 |     0.0000000003321798 |     0.0000001059943315 |
   35 |     1.0000000001724847 |    -1.0000000000332399 |     3.0000000000801874 |    -2.9999999998717826 |     0.0000000001683984 |     0.0000000524516963 |
   36 |     1.0000000000871974 |    -1.0000000000176388 |     3.0000000000417844 |    -2.9999999999366418 |     0.0000000000852873 |     0.0000000259437911 |
   37 |     1.0000000000440430 |    -1.0000000000093037 |     3.0000000000217346 |    -2.9999999999687073 |     0.0000000000431544 |     0.0000000128261490 |
   38 |     1.0000000000222271 |    -1.0000000000048812 |     3.0000000000112870 |    -2.9999999999845524 |     0.0000000000218159 |     0.0000000063378138 |
   39 |     1.0000000000112079 |    -1.0000000000025489 |     3.0000000000058522 |    -2.9999999999923785 |     0.0000000000110192 |     0.0000000031300260 |
   40 |     1.0000000000056470 |    -1.0000000000013252 |     3.0000000000030296 |    -2.9999999999962412 |     0.0000000000055609 |     0.0000000015452315 |
   41 |     1.0000000000028431 |    -1.0000000000006863 |     3.0000000000015667 |    -2.9999999999981473 |     0.0000000000028040 |     0.0000000007623839 |
   42 |     1.0000000000014302 |    -1.0000000000003542 |     3.0000000000008091 |    -2.9999999999990874 |     0.0000000000014129 |     0.0000000003758487 |
   43 |     1.0000000000007190 |    -1.0000000000001821 |     3.0000000000004174 |    -2.9999999999995506 |     0.0000000000007112 |     0.0000000001855369 |
   44 |     1.0000000000003610 |    -1.0000000000000933 |     3.0000000000002149 |    -2.9999999999997788 |     0.0000000000003579 |     0.0000000000911768 |
   45 |     1.0000000000001812 |    -1.0000000000000477 |     3.0000000000001106 |    -2.9999999999998912 |     0.0000000000001799 |     0.0000000000447926 |
   46 |     1.0000000000000908 |    -1.0000000000000244 |     3.0000000000000568 |    -2.9999999999999467 |     0.0000000000000904 |     0.0000000000220552 |
   47 |     1.0000000000000455 |    -1.0000000000000124 |     3.0000000000000293 |    -2.9999999999999742 |     0.0000000000000453 |     0.0000000000106866 |
   48 |     1.0000000000000226 |    -1.0000000000000062 |     3.0000000000000151 |    -2.9999999999999876 |     0.0000000000000229 |     0.0000000000052296 |
   49 |     1.0000000000000113 |    -1.0000000000000031 |     3.0000000000000080 |    -2.9999999999999938 |     0.0000000000000113 |     0.0000000000025011 |
   50 |     1.0000000000000056 |    -1.0000000000000016 |     3.0000000000000044 |    -2.9999999999999973 |     0.0000000000000058 |     0.0000000000013642 |
   51 |     1.0000000000000027 |    -1.0000000000000009 |     3.0000000000000027 |    -2.9999999999999991 |     0.0000000000000029 |     0.0000000000007958 |
   52 |     1.0000000000000013 |    -1.0000000000000004 |     3.0000000000000013 |    -3.0000000000000000 |     0.0000000000000013 |     0.0000000000004547 |
   53 |     1.0000000000000007 |    -1.0000000000000002 |     3.0000000000000009 |    -3.0000000000000000 |     0.0000000000000007 |     0.0000000000002274 |
   54 |     1.0000000000000002 |    -1.0000000000000000 |     3.0000000000000004 |    -3.0000000000000000 |     0.0000000000000004 |     0.0000000000001137 |
   55 |     1.0000000000000000 |    -1.0000000000000000 |     3.0000000000000000 |    -3.0000000000000000 |     0.0000000000000004 |     0.0000000000000000 |
--------------------Spe³niono Warunek dokladnosci X* oraz warunek residuum-------------------

------------------- WYNIK -------------------------
1.0000000000000000
-1.0000000000000000
3.0000000000000000
-3.0000000000000000



